17
6 6 2 2
1 2
2 5
3 4
2 3
6 6
4 6
10 0 4 0
10 0 4 1000000
100 2000 29 1
89 63
82 50
8 13
56 14
87 47
43 67
67 51
60 81
100 28
19 58
35 40
17 32
99 100
58 79
98 100
42 2
11 63
45 100
41 99
65 64
77 22
22 13
82 30
69 11
44 27
48 9
84 13
77 81
91 52
11 95
71 57
51 51
92 68
1 83
50 89
55 59
74 94
20 4
15 78
58 50
14 19
58 18
43 39
76 49
98 73
79 40
64 69
36 15
33 54
79 57
87 5
28 92
79 30
98 20
82 85
76 29
38 11
97 63
18 99
91 35
73 81
68 36
29 43
67 10
96 44
92 71
41 13
56 3
89 55
2 95
40 40
27 2
89 99
68 90
66 56
97 53
65 29
80 73
63 57
3 63
93 1
31 72
33 50
8 81
11 82
72 86
47 38
14 95
15 73
71 1
88 21
96 56
13 7
73 10
15 11
35 98
4 15
2 26
20 68
5 53
29 40
37 18
67 62
20 27
12 26
61 75
56 98
42 3
52 99
56 68
50 68
76 48
57 88
39 81
91 39
51 88
60 88
29 87
4 27
13 8
94 91
97 8
36 43
26 97
95 89
19 51
68 59
33 33
24 41
75 15
24 56
72 80
76 98
85 53
71 48
69 80
68 11
5 72
42 43
100 70
55 5
1 22
57 22
52 27
55 17
7 60
1 67
77 14
73 13
20 93
71 75
88 90
12 47
28 1
70 71
61 33
5 13
65 57
81 73
87 13
42 30
71 37
92 47
46 18
87 72
93 45
47 35
45 51
16 46
20 9
4 99
67 68
84 33
27 77
89 11
79 91
77 81
12 80
82 19
76 85
13 48
94 74
66 58
60 41
68 50
64 66
86 18
11 50
59 28
5 83
46 27
13 94
90 61
7 65
64 8
18 85
64 85
89 72
25 40
43 25
44 91
55 29
57 62
44 51
45 33
79 67
22 79
58 66
6 88
79 40
22 12
31 34
16 60
69 32
57 56
68 39
64 69
14 80
17 99
90 20
25 99
1 46
99 61
33 86
68 26
75 32
95 41
27 82
14 85
17 72
91 64
78 27
51 79
81 68
75 2
69 96
39 58
87 69
72 45
80 19
70 28
53 73
49 14
40 75
61 24
80 59
34 82
61 47
40 49
62 78
74 71
87 75
29 42
1 63
15 35
34 38
6 22
67 80
24 82
35 69
36 5
97 92
25 82
21 43
58 61
20 84
32 65
66 6
5 92
47 44
16 59
95 39
49 96
88 46
76 63
26 91
88 1
14 40
39 52
1 58
63 60
67 94
88 17
63 6
66 34
27 40
66 73
98 16
73 99
6 45
71 98
53 10
46 35
20 63
26 24
50 69
40 24
34 33
68 34
84 13
25 80
94 37
85 59
43 49
40 73
92 46
46 18
12 87
50 37
44 63
22 40
49 73
69 83
14 26
66 64
53 81
2 45
19 17
1 18
93 58
63 100
9 96
21 93
65 71
41 7
49 86
99 58
30 74
48 43
13 59
70 13
33 10
63 95
27 59
43 51
63 34
26 68
62 3
23 22
78 34
21 100
55 25
83 73
22 35
52 30
99 54
97 39
61 89
58 98
85 96
31 40
17 57
90 59
1 69
75 2
2 31
59 11
80 39
63 64
77 60
4 44
60 61
42 41
29 1
26 48
87 63
83 65
48 78
76 78
79 96
54 63
41 85
53 26
98 95
15 65
37 86
81 6
15 75
61 3
20 58
22 99
41 87
25 80
77 6
44 90
24 34
65 31
5 91
79 1
19 21
18 80
46 2
98 50
48 29
70 71
19 44
91 96
93 47
71 72
5 33
4 31
31 12
60 48
85 86
49 10
55 52
2 23
52 99
85 9
23 42
93 29
58 52
47 21
69 15
80 77
52 75
69 26
22 72
88 98
65 40
38 87
82 40
77 32
9 45
86 16
59 19
41 23
90 5
48 54
99 44
36 34
85 49
40 22
63 60
45 88
42 54
45 22
11 20
46 68
18 46
74 50
88 98
79 23
97 84
72 2
61 37
97 14
13 97
96 18
59 31
18 47
49 45
100 64
37 12
84 75
33 2
100 95
55 41
51 62
12 88
85 45
91 8
76 47
96 90
74 40
28 71
28 25
62 60
74 24
46 37
35 81
91 79
62 70
89 74
86 20
47 59
70 85
64 39
36 44
39 58
74 18
65 85
14 100
10 5
4 33
76 50
100 55
24 62
25 66
98 89
78 38
14 90
81 18
98 54
40 96
24 59
52 63
94 18
23 59
56 97
60 38
73 77
78 7
80 42
74 92
30 83
69 51
71 36
44 69
21 45
3 80
87 74
42 73
32 99
74 2
95 35
90 33
91 37
59 71
17 86
55 53
39 60
3 21
51 56
16 59
46 8
14 9
77 12
27 64
91 20
76 79
14 46
58 53
51 37
89 49
26 31
5 25
100 29
44 84
21 86
86 73
73 46
47 32
47 50
60 85
2 77
49 74
93 43
47 71
78 40
48 59
15 58
81 18
95 44
66 83
87 91
42 94
55 16
13 83
99 45
2 60
45 15
57 70
56 51
63 33
95 72
28 91
74 64
16 72
94 29
10 24
98 58
74 40
32 33
29 60
24 85
38 48
53 82
23 19
9 4
61 12
66 33
76 18
27 91
26 94
52 28
86 62
91 96
68 98
90 15
3 73
60 85
24 13
2 48
49 46
12 38
4 10
88 54
45 65
62 14
39 34
16 78
20 49
42 14
71 38
24 46
30 3
21 45
41 6
65 60
3 34
43 84
35 34
19 15
47 41
17 31
55 27
34 16
19 2
64 72
56 23
9 30
99 54
2 53
2 26
89 7
45 16
35 58
76 85
20 32
91 38
41 89
27 44
66 26
68 11
95 93
29 89
25 22
45 78
97 53
4 10
47 21
95 6
90 89
43 11
77 38
30 71
86 79
94 57
86 65
78 4
93 68
73 86
72 2
95 59
45 68
49 9
5 7
24 81
86 46
7 76
25 98
18 57
48 60
74 80
87 92
38 61
85 19
77 4
39 83
76 72
27 44
86 24
88 9
38 3
10 6
29 34
26 31
11 64
95 22
97 10
23 70
27 46
5 67
52 3
50 56
11 84
84 38
24 92
50 83
5 97
89 72
77 20
4 42
9 38
95 47
59 45
59 77
94 61
21 79
11 18
14 11
96 39
24 32
60 2
25 18
16 18
80 99
26 85
90 39
51 57
84 74
40 34
11 68
8 73
93 59
26 77
32 87
27 19
83 81
77 77
56 27
57 7
19 54
68 65
10 21
51 54
99 79
43 69
48 32
52 63
34 92
97 54
19 78
12 26
18 89
34 74
23 36
1 53
14 29
74 37
43 12
87 40
81 88
15 48
12 62
18 10
86 35
22 32
39 11
6 26
15 29
99 21
66 73
41 19
18 22
34 61
28 53
7 40
26 24
1 26
56 60
73 51
19 30
21 41
59 92
90 55
20 37
16 67
2 95
100 40
39 11
70 33
61 42
7 42
16 99
8 56
33 26
21 45
83 98
99 28
15 83
24 71
8 14
51 22
91 54
63 55
61 13
10 78
39 77
12 35
4 53
82 51
45 97
76 41
37 67
32 99
20 40
62 1
81 50
84 96
9 5
34 63
8 57
53 4
79 62
62 96
73 82
94 42
91 40
52 72
96 76
84 10
35 14
97 84
75 69
90 44
70 68
85 19
67 62
88 20
79 66
73 100
27 45
9 97
8 28
40 12
16 96
67 8
57 31
55 70
40 24
32 22
98 47
94 3
3 25
42 65
90 51
58 11
76 43
47 45
82 9
44 86
23 63
82 78
91 72
37 18
33 56
14 46
93 8
67 96
80 98
48 5
87 26
39 98
80 76
34 10
98 35
95 74
18 44
12 6
75 90
74 20
94 87
94 100
77 2
1 12
94 76
51 77
68 5
89 12
53 80
57 63
62 8
81 22
66 71
57 68
32 9
91 87
68 76
21 83
63 66
33 28
91 76
33 72
10 20
51 76
18 56
40 94
87 7
81 53
53 91
52 84
82 48
19 22
84 26
48 24
40 45
86 41
86 21
83 48
98 77
89 63
30 97
95 57
79 56
15 37
73 15
71 61
65 5
98 62
13 43
6 97
16 94
22 85
30 57
37 64
62 87
75 13
13 18
24 58
55 74
53 3
60 75
47 69
63 85
10 92
15 29
71 48
44 5
45 46
55 91
31 47
86 21
92 95
4 79
59 36
31 23
27 99
15 67
89 72
89 80
77 87
57 16
91 46
2 65
29 48
63 13
87 9
98 26
98 63
35 82
75 47
84 13
80 21
32 30
23 76
7 10
67 39
54 13
82 60
28 62
31 50
96 50
29 100
44 72
69 100
88 32
1 16
96 77
66 44
61 67
33 78
22 45
48 79
27 3
20 76
70 54
50 38
1 87
70 59
43 50
6 20
9 34
33 89
25 17
20 77
73 45
1 57
46 64
59 32
35 25
51 88
26 74
71 53
100 88
49 44
32 67
74 64
64 19
45 4
10 36
4 50
81 92
54 27
40 16
33 55
23 12
95 42
84 55
35 39
42 91
6 5
73 59
4 24
49 85
43 41
67 70
97 88
24 69
88 68
41 68
84 28
25 5
9 27
78 82
26 18
75 19
81 19
85 93
51 41
64 72
5 63
27 58
94 24
17 24
98 25
6 41
38 5
2 19
80 66
69 92
3 100
34 20
39 20
64 78
19 56
78 74
98 91
36 16
74 81
68 53
62 32
1 85
80 31
67 69
67 5
45 68
63 10
81 98
41 3
3 18
89 75
22 25
61 86
70 99
84 54
72 82
97 39
16 69
23 19
64 4
90 16
79 10
75 21
64 82
78 85
88 34
52 8
54 64
25 42
66 29
65 36
45 100
8 62
63 49
68 71
58 37
32 96
71 69
59 39
86 32
15 40
17 4
47 55
45 58
44 44
26 40
30 23
8 11
17 90
7 96
41 59
88 74
14 22
65 99
76 20
74 85
4 9
39 28
28 90
21 35
35 37
44 68
6 72
95 43
72 16
10 14
50 68
29 83
100 65
33 8
52 4
89 12
98 1
44 68
24 8
12 36
38 2
25 90
9 7
75 77
21 49
45 85
44 42
42 15
46 69
11 61
74 93
34 4
98 91
6 17
63 56
3 100
50 100
17 82
12 22
46 88
40 15
30 97
42 85
14 51
31 67
98 25
44 8
23 38
10 20
94 93
31 69
47 92
77 28
51 58
72 61
50 14
78 74
66 47
82 16
1 71
66 49
85 51
66 34
72 29
57 84
44 100
56 86
48 89
77 96
18 42
48 81
80 69
61 57
20 53
31 87
37 8
19 36
54 71
13 86
5 54
85 28
12 37
81 62
1 63
19 34
49 9
61 52
88 94
27 88
77 51
37 77
96 5
60 5
84 5
29 36
68 79
40 43
12 28
58 56
79 75
72 87
32 79
34 92
37 33
2 53
15 71
9 45
23 52
40 77
78 11
58 34
40 22
89 51
41 12
40 26
39 66
86 65
50 18
79 93
42 28
16 2
1 63
7 17
15 68
20 36
46 6
80 69
44 20
82 30
71 40
89 51
31 35
99 35
10 65
62 23
74 99
59 2
88 7
65 43
84 81
67 84
10 27
26 32
25 37
32 32
94 16
70 22
81 56
49 83
38 67
65 9
51 13
52 79
30 3
69 74
22 91
100 85
28 8
88 40
36 69
16 62
49 51
17 88
86 34
11 38
9 25
9 72
67 43
19 39
41 7
38 83
76 67
24 90
41 7
28 45
41 76
96 94
3 17
40 87
47 94
72 43
60 70
58 81
14 75
7 83
73 9
100 10
31 72
98 58
43 84
45 25
55 33
43 44
18 86
92 50
2 94
25 94
5 80
66 49
63 37
95 100
92 48
75 92
25 84
90 71
17 27
55 3
34 47
94 22
25 43
76 51
71 71
94 65
84 22
99 65
1 42
2 69
73 83
29 61
47 20
94 32
49 43
89 10
98 84
21 14
28 6
4 37
48 49
84 43
10 88
72 12
64 42
93 97
27 62
26 27
13 64
92 49
48 36
49 84
31 26
91 74
96 33
54 42
69 24
43 87
48 6
49 24
91 33
49 48
95 46
66 37
69 8
17 11
96 60
53 89
80 75
6 11
29 90
28 94
68 80
100 38
10 67
28 22
86 47
27 34
45 2
92 44
29 26
75 11
14 70
85 99
13 18
59 40
28 33
9 79
35 68
57 7
98 7
19 81
14 21
73 29
83 72
88 16
97 21
90 96
60 12
78 34
37 2
100 100
63 1
65 75
54 65
33 48
87 30
14 72
61 57
61 65
92 23
58 25
81 39
88 85
81 77
30 46
56 91
62 69
78 30
60 52
51 5
42 80
100 40
14 70
33 34
41 61
12 36
78 7
83 27
93 79
85 81
72 74
44 70
36 89
81 61
52 11
80 87
8 42
86 11
60 62
1 76
4 19
40 23
64 59
60 16
50 78
27 37
9 44
65 67
2 40
36 44
87 53
2 95
62 2
73 54
86 86
65 90
26 82
22 70
51 40
15 58
67 18
24 34
73 11
10 29
46 40
93 59
58 67
64 67
67 96
43 59
65 44
97 5
64 58
9 64
21 84
51 52
44 26
58 36
40 30
47 50
86 22
35 68
97 15
61 80
33 100
5 25
2 11
93 58
21 69
23 46
43 19
79 41
93 86
36 34
21 61
52 25
27 2
85 5
52 82
92 21
43 23
39 19
37 83
6 61
41 54
7 70
26 57
63 12
43 57
38 73
93 18
74 47
25 63
92 98
40 7
91 55
7 56
25 73
22 40
50 96
30 55
43 66
49 52
99 52
97 71
52 63
79 72
13 85
3 28
54 99
96 62
71 6
80 26
48 65
43 6
90 14
29 65
31 23
66 79
42 37
6 44
19 32
63 3
37 2
88 78
4 93
5 95
76 5
59 68
97 47
11 82
51 40
29 30
88 59
41 9
61 30
29 64
33 84
22 92
80 56
29 79
51 60
98 15
53 69
39 7
26 96
28 40
90 49
34 36
56 66
84 95
76 9
25 86
25 70
59 27
5 18
88 14
50 47
23 56
49 40
46 69
4 80
87 7
12 38
46 19
13 23
18 38
86 90
67 42
16 22
56 69
25 71
37 22
42 17
83 64
52 74
2 7
22 63
4 42
97 18
7 22
16 56
87 81
29 66
88 37
94 5
12 31
36 76
37 76
32 72
49 62
67 19
82 3
63 6
30 35
99 33
81 28
29 55
20 98
77 51
56 82
64 92
98 12
25 71
72 61
48 48
20 11
2 10
69 77
55 26
45 29
13 63
13 68
33 66
3 51
21 58
44 28
59 1
65 28
88 56
41 40
48 93
8 42
3 34
18 3
76 55
86 100
55 2
88 42
68 40
24 95
38 100
1 82
29 28
32 92
70 1
17 10
79 29
5 21
35 69
12 95
1 97
50 25
51 35
12 65
87 33
2 17
85 13
34 46
61 13
27 12
53 38
83 92
38 46
83 22
62 36
9 6
50 62
47 29
15 65
20 31
34 64
81 86
92 79
8 82
65 86
71 36
44 5
3 72
39 60
60 47
53 68
23 28
87 28
88 26
42 29
59 25
26 74
90 57
83 46
45 7
89 10
81 47
68 86
29 11
8 63
94 34
4 34
59 17
94 25
20 94
87 49
24 63
23 54
6 100
88 61
77 15
98 95
47 10
87 69
47 41
68 5
38 76
98 25
29 44
8 58
80 66
3 48
89 59
97 44
76 20
53 100
38 17
10 2
52 73
24 32
73 30
16 50
29 3
79 60
51 10
7 28
40 18
94 27
34 34
16 83
91 70
27 20
7 69
75 19
41 56
95 56
4 59
75 54
11 65
32 83
77 89
92 55
100 76
29 86
48 46
68 35
24 85
1 34
92 96
5 92
1 39
59 73
70 49
21 45
75 33
56 67
14 55
3 28
89 24
55 25
12 58
3 76
52 91
20 84
45 66
100 4
39 75
49 94
84 22
67 7
52 87
64 84
28 28
64 14
21 71
48 7
51 96
4 49
100 12
12 90
31 18
77 94
46 59
56 70
18 40
84 83
48 6
88 76
5 71
78 32
28 97
78 6
80 25
44 50
41 85
64 35
94 30
21 15
91 22
74 69
16 2
68 81
18 71
71 78
42 34
86 61
82 1
46 32
2 21
16 28
39 20
40 59
31 6
36 30
96 12
68 93
92 98
1 51
95 8
89 79
62 41
98 18
31 25
82 32
25 29
63 28
7 71
44 70
14 100
57 93
51 14
67 73
1 33
73 83
28 88
91 21
93 25
10 11
43 57
11 57
90 11
96 33
5 28
95 5
11 92
60 83
63 100
11 75
14 83
89 100
31 6
46 14
53 13
100 24
78 55
19 95
79 77
20 32
18 9
96 42
57 65
13 57
94 31
51 10
10 71
25 66
82 100
57 96
89 27
80 23
62 53
45 100
12 22
12 45
77 75
99 55
7 48
54 48
71 88
40 7
98 85
86 12
46 54
40 24
83 1
82 49
94 8
12 56
92 52
14 49
68 23
17 23
9 21
77 33
80 23
11 14
77 74
57 88
29 21
47 91
72 76
44 91
31 76
74 41
74 80
24 76
74 46
96 29
95 31
85 2
19 64
5 91
50 75
100 98
66 52
89 33
76 39
18 10
4 35
67 88
100 86
81 22
29 24
8 28
58 13
52 75
13 77
1 73
68 31
19 15
75 72
22 98
56 92
81 95
57 21
43 84
29 2
92 25
85 19
36 79
19 35
76 63
72 55
27 34
73 2
87 14
46 10
71 14
52 62
77 33
23 86
5 98
62 40
34 86
69 74
84 97
7 73
3 20
59 40
87 21
8 50
1 95
99 66
41 5
79 90
63 66
74 86
99 40
11 86
50 93
71 51
26 21
81 60
90 21
83 40
35 51
64 71
95 41
40 43
19 55
18 33
45 78
66 25
94 29
4 57
14 45
66 85
75 56
100 2000 12 2
81 24
95 7
32 94
98 18
80 33
42 87
8 42
65 7
12 20
73 88
11 40
3 5
22 30
61 95
27 65
70 23
7 37
89 80
65 15
12 71
75 62
48 54
12 4
13 38
59 86
11 28
25 3
29 6
31 36
56 65
63 98
47 33
72 93
20 32
43 99
30 49
96 65
2 54
50 68
73 66
45 93
33 9
53 87
13 65
46 51
14 93
13 1
67 91
17 63
38 97
43 63
66 38
60 18
67 1
28 15
55 90
16 81
13 45
14 38
36 34
39 11
41 58
25 29
99 4
36 38
3 25
70 68
79 87
71 91
9 89
32 69
41 64
7 88
75 58
98 29
88 97
73 53
64 43
96 36
53 64
81 67
40 62
47 78
41 69
84 89
73 80
48 56
77 98
35 5
23 67
35 97
84 41
91 15
69 76
92 6
41 76
50 83
56 85
17 75
62 15
22 4
12 17
92 8
8 96
81 84
25 4
51 1
99 88
26 74
54 26
84 60
52 79
20 50
69 85
39 35
22 14
87 78
42 1
2 84
58 4
20 54
83 42
90 85
5 80
12 16
18 9
63 46
67 12
79 57
3 23
87 10
19 80
72 71
9 86
82 88
71 64
53 12
64 38
23 86
12 61
22 10
55 46
61 87
4 62
21 64
68 86
67 36
37 51
92 78
28 61
78 65
80 12
93 94
1 22
16 86
7 1
44 72
79 49
3 76
43 73
87 33
25 95
87 52
61 54
39 8
61 60
11 21
69 22
87 95
70 61
23 80
9 84
55 23
95 71
3 16
89 62
3 34
56 78
28 18
52 28
15 74
1 4
2 90
86 11
68 47
80 22
69 18
72 58
35 75
15 63
21 96
54 80
74 26
29 9
81 41
12 13
12 83
68 12
32 93
50 64
70 17
20 82
83 29
16 34
91 51
73 62
7 14
63 8
23 43
70 95
46 54
80 54
32 61
86 84
87 79
61 72
50 20
50 14
97 80
72 62
16 92
61 66
2 29
1 32
49 10
77 5
48 51
21 35
70 5
5 64
53 6
91 11
12 2
32 33
47 32
43 69
61 87
35 87
43 13
88 97
87 59
7 66
43 45
78 17
55 24
2 27
46 2
2 16
68 87
86 64
70 5
59 60
81 83
96 69
86 29
62 91
80 76
48 17
6 83
3 37
44 20
12 2
48 100
30 37
13 68
55 13
25 6
86 75
42 95
13 75
23 49
98 1
75 36
72 76
54 1
96 97
44 25
34 96
6 18
16 40
55 49
77 35
69 75
84 16
59 26
10 62
87 29
41 8
87 71
67 57
9 4
47 37
46 6
26 84
8 89
97 55
68 90
96 65
32 66
99 37
61 69
56 70
50 85
73 36
4 23
49 63
61 74
77 77
37 12
84 43
5 81
36 65
69 42
5 11
90 80
53 25
56 73
43 65
72 94
46 16
15 85
33 55
72 37
39 67
30 42
92 64
18 10
13 27
94 22
79 9
86 60
8 21
4 89
74 42
29 66
10 15
48 57
45 83
92 49
1 64
74 69
73 99
82 52
93 43
49 36
75 36
72 34
41 92
20 60
31 9
25 4
90 29
81 70
100 18
86 51
96 65
54 29
81 29
37 97
12 83
70 48
1 22
60 89
28 72
15 19
64 82
95 61
58 66
21 22
82 54
88 40
88 71
1 60
66 77
31 55
69 14
27 79
38 9
35 1
56 21
79 10
51 36
14 80
71 29
78 80
12 21
43 16
33 21
50 28
19 26
8 97
74 22
99 28
26 19
71 28
72 33
26 12
3 31
54 32
53 88
1 65
3 76
3 58
7 7
58 38
96 89
60 76
54 83
21 36
77 9
94 97
86 49
52 79
7 49
12 87
91 73
53 100
67 69
38 76
59 3
80 3
35 7
24 3
90 8
9 93
26 60
39 72
56 43
41 88
71 33
54 87
88 36
83 6
43 45
10 94
65 10
47 15
18 27
42 34
14 75
95 75
6 3
68 33
59 50
68 26
86 9
7 19
15 65
19 14
70 23
49 76
78 33
55 33
49 39
14 23
36 72
100 42
6 60
83 44
46 64
5 55
96 17
66 82
38 16
31 29
1 90
15 68
63 26
33 31
88 39
53 80
89 15
69 30
97 13
56 15
26 55
14 52
82 74
83 15
49 55
98 84
51 86
95 83
60 30
13 87
79 8
54 35
38 28
27 19
57 24
66 67
44 3
95 11
23 22
91 30
47 64
60 71
84 63
11 57
38 86
22 25
45 25
6 26
45 27
8 36
63 51
46 57
3 42
23 42
77 89
22 96
100 32
19 60
44 96
37 23
9 52
74 22
13 36
27 7
34 22
27 10
12 26
77 3
92 27
23 3
48 70
28 2
39 35
43 39
30 10
74 44
69 29
6 94
46 24
89 18
57 54
26 28
65 92
55 78
84 27
30 91
78 12
90 65
63 31
27 46
66 98
7 90
57 82
14 32
11 56
58 1
98 7
74 44
86 57
47 40
10 71
47 33
87 15
3 74
36 75
32 12
100 70
29 97
84 33
34 8
49 1
17 58
24 53
10 39
65 61
38 72
47 42
52 1
4 82
99 95
74 5
85 10
24 18
55 87
16 2
32 73
47 16
39 42
29 67
94 54
65 72
40 67
76 15
5 26
12 2
35 52
69 72
46 73
58 10
23 75
10 73
92 24
22 49
49 86
90 95
75 86
36 48
71 59
83 17
20 89
86 48
12 91
11 83
94 3
95 77
100 52
46 50
62 83
57 79
93 21
100 50
72 61
7 42
75 51
37 26
49 78
61 80
47 68
89 48
82 37
52 86
14 42
89 65
7 67
73 82
23 51
4 61
17 49
37 52
87 63
52 91
27 25
98 43
8 99
21 81
74 22
75 39
63 4
27 2
31 9
83 63
60 76
65 42
53 43
95 17
96 15
95 98
53 48
76 65
97 71
57 20
100 85
41 19
88 25
31 94
52 51
38 92
52 53
21 95
90 51
34 41
72 77
9 92
52 15
83 78
52 42
23 85
40 72
50 75
80 85
29 56
99 11
42 11
4 23
32 93
83 76
82 89
73 62
83 70
26 44
78 98
35 73
85 66
19 81
89 6
69 87
70 47
91 32
31 31
82 63
50 96
69 11
69 73
88 91
51 99
93 26
71 71
8 82
71 29
81 81
47 74
76 67
63 96
90 23
83 20
77 93
94 1
27 29
23 25
7 45
33 92
79 4
20 83
41 52
24 66
77 53
89 51
8 51
92 84
13 72
29 75
66 7
99 10
9 75
79 30
39 52
5 49
94 5
17 86
23 72
68 79
78 24
21 58
59 47
64 69
41 18
19 10
74 34
49 2
82 66
83 89
96 3
75 26
95 85
4 93
80 85
33 44
56 18
17 73
91 94
66 90
95 85
17 41
92 19
78 35
27 10
46 43
7 100
6 47
60 44
29 62
13 82
53 93
47 5
80 96
89 64
77 51
64 25
49 27
93 5
56 66
52 70
50 59
98 50
32 35
53 15
41 64
31 12
86 27
20 63
99 85
54 57
17 10
56 10
75 46
28 76
26 24
90 53
67 21
26 7
6 50
74 11
19 28
5 12
53 64
34 89
39 19
79 88
42 31
17 30
37 48
54 52
81 89
95 76
68 69
88 86
39 43
46 16
74 43
88 19
95 20
87 47
91 82
86 87
36 37
98 79
23 97
22 90
1 92
40 75
42 65
98 43
11 38
34 53
98 33
35 88
36 19
96 46
26 17
5 18
27 57
6 58
16 48
5 74
6 48
32 9
87 9
78 79
5 67
7 14
96 44
38 98
81 73
69 10
90 13
37 47
37 43
92 49
62 90
54 1
32 23
58 96
6 55
62 97
17 100
37 67
97 99
30 61
86 81
52 31
36 45
42 43
24 66
19 43
90 12
88 81
30 30
65 25
96 28
60 60
93 53
13 4
35 13
74 32
15 66
93 73
77 10
58 99
59 32
66 15
46 28
85 41
56 22
38 44
56 69
70 85
75 50
9 84
29 28
16 63
43 88
63 93
96 76
95 24
58 63
53 37
63 52
3 89
65 9
68 61
39 78
1 36
42 49
63 18
56 51
50 35
54 84
71 72
22 87
6 16
59 76
90 41
49 95
62 53
78 29
21 97
15 47
39 5
90 10
88 47
48 44
63 99
87 76
40 91
71 36
78 43
57 52
24 71
75 1
49 91
80 58
77 27
47 33
33 68
24 3
65 29
95 82
92 40
5 65
12 97
64 8
58 30
35 6
92 54
50 15
86 28
5 25
93 51
6 46
97 88
100 53
14 9
76 7
96 93
70 89
48 68
10 76
72 53
71 2
25 66
8 92
5 49
34 8
26 24
7 28
94 46
18 81
76 74
77 16
31 91
93 38
7 56
30 54
97 55
62 90
66 75
62 4
69 3
58 92
72 77
57 11
15 74
41 15
81 38
91 57
76 47
93 90
22 95
67 87
57 20
47 50
91 43
2 20
41 26
29 76
63 44
14 21
12 41
92 65
36 13
98 78
30 66
95 1
34 89
89 67
90 74
99 87
34 100
23 85
88 8
10 62
3 46
37 31
76 92
47 30
42 49
61 43
44 90
75 35
3 69
69 39
84 69
43 4
33 98
1 8
89 40
91 51
31 21
100 14
36 10
31 32
37 63
48 64
33 31
1 56
96 56
99 98
65 6
97 78
61 9
68 79
50 41
21 6
67 90
74 67
42 44
16 97
90 61
36 31
70 5
90 72
26 58
48 26
60 66
79 34
79 86
49 62
45 17
70 95
36 79
52 58
40 3
37 89
67 9
58 58
45 14
44 21
92 24
64 2
66 9
67 8
79 15
13 70
7 6
18 40
38 44
27 26
73 31
16 52
86 55
98 18
5 54
68 89
40 89
74 34
87 20
38 74
11 23
55 28
8 77
19 84
67 46
16 49
22 24
8 67
23 9
26 78
67 84
51 30
11 13
32 49
56 17
46 54
56 5
63 35
29 13
6 1
39 77
74 43
36 61
20 19
8 67
6 10
1 67
96 48
90 14
70 96
2 18
49 94
42 24
66 87
28 20
32 89
23 23
21 55
17 30
65 18
36 32
23 8
95 2
94 27
73 84
49 14
95 11
1 81
53 8
35 33
60 47
45 50
24 49
80 25
53 7
85 51
84 41
80 55
24 60
13 3
11 23
97 37
68 81
14 2
51 66
60 84
46 64
39 8
86 44
73 85
7 54
37 30
9 35
41 25
75 82
34 86
71 6
21 43
71 66
59 86
75 100
88 63
42 91
72 82
77 30
16 84
70 85
66 48
68 48
3 15
18 33
54 45
31 47
71 97
93 72
80 10
52 45
53 45
28 7
11 65
30 12
86 25
71 86
36 63
93 4
7 25
93 44
21 96
53 53
73 64
39 12
44 18
83 47
76 78
2 87
46 63
60 64
81 36
42 13
94 13
73 6
95 8
82 33
1 63
34 61
91 75
28 72
53 100
78 16
89 94
91 36
78 56
10 83
71 73
75 91
31 17
43 33
99 88
44 7
3 69
94 51
53 77
51 94
56 72
18 80
23 12
3 68
29 97
50 62
52 72
88 87
40 66
99 45
15 16
38 36
78 59
18 80
6 70
69 27
43 3
34 33
69 100
43 61
90 7
75 37
18 17
58 93
30 36
92 12
36 80
52 90
6 57
8 51
56 23
56 22
58 28
30 83
83 23
8 38
98 99
100 52
48 43
93 88
10 99
1 45
87 63
15 76
44 87
93 54
69 28
39 11
44 72
54 41
24 7
12 30
8 42
64 82
31 83
82 27
47 46
79 61
3 33
58 84
90 32
25 63
98 91
50 25
95 74
59 79
43 70
83 24
38 57
16 96
89 90
81 16
43 30
72 18
39 71
64 87
90 78
60 88
83 7
78 76
11 16
70 41
58 48
74 2
96 56
30 83
55 66
89 31
49 28
88 79
79 11
30 46
11 86
25 21
47 57
16 38
82 45
58 73
5 91
51 9
82 21
48 68
98 34
55 70
65 52
75 1
83 52
96 24
65 79
6 22
40 2
40 71
41 25
87 7
80 99
52 10
65 2
13 14
96 93
96 10
72 98
61 11
13 4
47 25
94 88
11 9
96 33
78 36
56 68
33 81
67 92
8 75
79 19
5 83
64 98
88 64
44 19
94 99
44 81
67 57
34 95
70 91
55 69
86 71
81 56
76 23
16 93
38 2
62 75
61 95
88 81
83 70
35 32
12 56
12 47
1 18
52 85
32 55
63 27
65 51
83 23
31 9
7 11
86 56
27 28
69 38
19 43
43 89
19 76
46 90
11 55
76 2
32 9
69 71
5 11
62 99
43 75
78 74
19 98
88 22
81 72
40 22
36 96
55 8
93 12
59 69
42 37
52 69
46 42
86 65
26 26
30 14
100 16
50 58
52 2
71 26
81 57
15 81
56 19
47 95
60 76
61 2
51 76
77 20
70 51
15 17
11 33
51 38
8 1
100 43
90 53
28 7
32 92
87 34
52 92
73 16
87 4
43 52
90 1
51 16
90 17
12 21
29 90
7 31
87 90
13 6
46 47
16 71
16 57
82 42
8 15
11 51
98 10
11 32
58 73
32 76
96 40
16 89
70 80
24 93
88 93
8 38
41 98
12 92
48 100
87 66
76 72
90 23
79 77
91 7
32 37
27 22
2 17
46 22
39 57
26 31
80 92
22 64
94 36
86 8
87 37
19 11
13 89
22 14
100 33
67 30
91 29
20 59
61 5
44 65
74 16
74 92
27 94
75 86
11 29
84 26
77 33
36 98
51 46
27 23
11 25
30 64
98 86
77 11
1 6
88 24
5 1
86 83
39 13
37 50
51 87
43 93
51 2
40 64
99 68
96 12
23 47
36 47
76 93
83 99
25 69
18 34
91 22
85 35
95 88
76 75
50 33
57 98
1 51
73 52
26 65
82 95
25 44
82 97
58 32
33 26
67 68
70 34
52 35
25 76
46 18
2 39
80 20
98 98
35 86
50 47
77 43
92 16
76 26
98 28
73 33
97 4
20 7
3 88
9 14
17 42
98 17
76 23
25 65
59 94
20 36
100 39
39 66
44 46
92 68
47 11
8 53
18 54
21 92
51 21
44 73
43 16
3 19
23 19
95 78
53 48
46 46
51 29
47 48
76 22
65 17
71 20
1 100
82 35
21 55
8 11
8 24
74 60
4 12
48 33
67 44
44 53
46 12
56 18
15 90
45 25
38 91
66 12
5 91
87 53
20 29
4 97
9 84
52 69
99 31
72 7
26 77
95 5
79 19
80 46
14 34
71 96
29 99
87 58
2 19
94 36
87 5
27 3
67 31
39 60
28 30
93 17
42 39
49 96
88 6
18 13
55 28
41 58
46 61
2 4
33 24
88 66
30 64
10 77
42 67
39 47
30 20
95 62
74 59
48 45
2 36
81 71
85 48
37 44
46 84
66 72
61 61
55 15
56 30
60 94
17 84
49 76
89 23
48 91
57 56
93 59
38 8
58 83
84 83
63 30
99 59
26 8
37 1
77 63
23 13
69 98
64 43
72 61
82 14
37 33
44 93
3 32
8 100
60 27
26 76
95 98
90 72
24 20
83 12
25 33
90 77
58 85
65 6
59 88
47 70
69 40
69 83
17 32
56 22
46 96
4 41
43 78
86 59
22 47
40 9
16 5
100 89
21 59
81 92
32 75
39 19
46 33
64 87
48 39
12 86
99 34
66 43
45 68
73 84
99 6
43 68
85 82
76 39
80 8
25 84
92 92
1 60
33 38
22 21
41 62
69 73
79 6
37 44
7 21
50 79
10 83
81 65
79 42
50 26
26 43
86 41
42 68
16 35
14 3
27 35
91 33
24 88
46 69
1 15
62 57
72 55
80 91
96 63
35 14
4 78
35 87
72 89
75 33
50 51
21 9
73 47
38 69
32 17
3 94
83 78
86 71
42 98
34 96
68 97
55 81
67 71
52 48
56 6
2 20
36 24
62 75
87 97
80 86
41 33
75 33
21 6
32 64
74 60
39 50
26 91
20 28
48 37
74 100
16 10
72 26
81 14
40 15
60 89
98 50
99 73
66 62
42 22
41 64
65 86
42 85
34 28
72 29
67 46
18 47
84 31
64 10
89 6
16 1
25 77
68 6
44 42
100 46
21 87
8 60
10 9
33 59
65 38
63 83
49 11
99 17
19 42
88 53
33 51
47 65
68 97
63 56
45 80
5 95
87 83
3 55
16 26
20 80
42 9
40 5
59 15
36 98
77 54
32 26
46 39
58 90
94 17
99 67
18 77
44 46
78 21
28 13
4 14
14 40
85 100
32 31
39 28
31 48
20 22
37 33
80 64
84 92
69 65
76 91
29 21
8 79
93 53
4 61
45 97
22 58
31 64
81 7
79 62
77 12
20 51
68 24
90 32
12 29
29 93
33 24
6 8
9 33
91 16
69 31
74 83
9 49
15 50
48 7
13 77
34 73
18 16
65 72
13 19
46 10
27 35
80 64
14 8
46 96
98 33
55 39
47 41
53 48
88 80
90 58
20 46
53 95
88 64
8 56
70 46
44 95
35 26
57 56
69 33
49 13
7 99
57 10
24 94
19 96
52 33
53 42
5 10
17 97
40 41
67 13
8 14
10 82
99 58
97 73
2 54
73 69
37 41
4 6
72 79
62 48
4 84
48 6
67 23
66 75
71 80
5 17
93 6
32 20
73 4
68 10
6 98
79 97
44 90
25 98
73 99
57 32
31 20
59 1
58 70
46 40
10 87
66 70
82 65
95 45
6 71
87 99
24 31
3 27
7 63
52 29
29 91
46 71
4 95
47 67
73 83
41 93
64 36
61 37
10 2
51 58
89 24
26 72
15 97
42 74
75 22
68 47
12 64
7 88
99 98
53 8
62 5
62 37
48 41
46 22
72 11
87 40
70 71
31 82
93 66
41 19
96 85
18 99
26 12
62 12
86 89
58 20
9 64
100 2000 66 3
50 88
84 29
9 5
51 28
57 68
96 2
62 43
23 17
86 28
97 64
9 20
88 3
32 34
86 79
60 56
6 43
43 69
76 85
92 68
41 43
29 42
67 10
78 71
34 51
78 44
97 73
2 19
28 59
81 70
9 96
51 4
8 29
55 44
8 88
95 39
80 27
80 53
22 95
29 69
14 66
20 40
43 86
26 67
39 43
83 94
54 90
79 91
23 17
68 32
23 3
25 75
93 59
80 63
18 22
62 19
22 89
90 29
4 87
13 55
78 56
33 48
59 15
22 31
77 56
38 68
68 22
40 53
15 44
30 72
78 57
49 1
6 45
22 82
99 34
2 71
21 93
57 84
17 12
52 67
45 54
76 86
66 94
17 61
81 53
80 15
84 20
8 57
92 9
25 74
89 61
83 87
41 19
11 72
82 26
84 42
17 58
52 34
54 50
46 92
26 85
74 29
5 49
45 14
92 57
13 89
55 17
96 29
57 100
27 27
95 90
43 36
25 32
14 10
21 7
58 91
72 80
49 9
12 33
37 45
41 13
94 98
21 98
55 66
8 51
90 100
49 23
89 62
100 5
64 83
71 77
52 98
88 56
63 68
84 22
46 24
44 6
55 85
87 7
84 60
34 40
41 40
2 60
92 28
40 11
87 37
64 74
32 4
8 74
33 57
1 40
78 58
95 65
84 52
11 55
62 13
9 97
82 56
14 100
21 8
35 20
79 49
71 53
87 99
56 8
59 53
83 81
16 21
100 95
39 4
49 44
33 53
75 1
65 32
61 71
7 69
28 58
100 60
69 79
22 95
36 3
95 4
82 36
66 94
9 83
23 55
96 92
20 27
1 50
43 99
65 55
76 29
46 38
72 71
34 93
64 7
73 74
74 91
80 97
3 58
13 95
82 50
17 3
29 5
30 33
61 39
80 100
22 56
88 33
68 72
88 84
22 46
40 68
71 47
52 26
61 81
48 96
1 32
50 70
74 62
48 23
38 62
15 73
74 9
71 51
3 34
13 23
93 59
38 75
25 95
91 45
3 55
46 67
1 60
9 47
58 75
80 56
51 19
29 40
46 41
99 45
69 74
88 67
68 68
21 39
41 64
14 31
9 68
18 40
73 10
73 67
95 54
59 26
37 99
40 38
6 42
73 4
22 37
79 86
82 89
37 67
18 86
48 45
77 56
62 80
89 87
84 50
78 57
54 49
81 38
24 91
10 29
8 80
7 44
51 15
53 75
12 99
52 35
8 32
92 7
63 25
63 52
43 43
74 50
70 89
60 70
41 20
28 98
94 22
33 50
24 7
85 45
65 21
3 33
78 89
36 66
28 1
60 41
83 13
93 25
87 2
76 57
6 42
6 91
34 10
7 13
70 66
29 48
47 68
37 82
88 21
43 38
23 55
50 37
33 36
40 55
55 20
81 20
4 89
37 90
28 24
14 85
65 63
99 79
72 98
76 33
9 96
48 49
20 12
49 77
66 32
7 7
10 45
65 3
60 17
18 2
22 21
95 70
63 97
95 42
32 67
79 16
23 81
32 48
10 67
14 78
76 37
80 92
60 55
39 51
44 60
3 66
78 18
90 48
87 91
20 48
85 32
1 15
68 29
65 77
10 42
84 56
68 55
23 91
15 57
8 6
21 45
65 3
60 61
43 76
35 4
84 63
83 59
85 69
50 24
22 17
85 94
67 24
77 3
74 56
10 78
59 15
52 64
35 19
47 36
87 24
73 47
48 92
12 54
35 55
85 16
57 61
13 77
25 41
68 92
24 46
36 12
7 40
54 69
9 100
87 44
49 42
74 50
86 38
59 43
13 24
41 39
88 32
53 62
23 92
90 7
11 8
3 23
35 92
58 75
35 97
97 26
44 88
1 69
2 96
4 59
85 85
11 11
73 50
24 7
43 64
88 62
78 100
10 22
87 40
64 72
40 99
78 44
28 43
88 65
21 16
22 31
44 47
59 25
15 8
44 59
38 89
73 19
14 96
43 87
53 32
91 81
38 93
19 20
98 8
30 3
49 30
18 45
93 18
23 47
38 91
97 5
37 21
47 94
7 64
61 84
56 65
34 96
35 69
65 1
83 11
24 62
14 81
22 10
42 68
9 26
98 9
30 37
51 42
40 34
42 35
91 28
33 40
58 51
62 41
100 44
58 86
11 45
34 76
31 51
99 4
72 33
6 35
13 7
65 75
31 21
40 78
34 39
57 22
46 63
1 80
25 12
79 3
75 39
81 8
27 7
93 68
21 46
61 87
82 45
2 44
26 81
11 15
54 87
61 22
55 55
1 84
56 45
85 4
41 27
74 8
65 13
3 75
93 76
59 82
65 62
33 99
11 21
7 67
54 35
15 86
10 73
70 19
80 83
41 23
1 82
3 32
99 4
40 45
9 66
34 88
45 17
4 37
73 87
63 36
52 59
70 37
33 20
67 41
24 8
92 48
100 68
80 38
31 57
49 21
1 75
86 74
52 64
74 28
13 57
86 78
6 14
18 10
21 81
97 51
67 20
37 88
85 90
8 15
8 56
42 30
14 89
54 6
34 95
20 42
63 1
37 75
98 67
7 37
21 33
24 84
16 20
48 7
44 85
35 16
100 97
75 55
3 30
43 42
76 28
88 57
51 37
70 37
91 41
90 13
76 99
35 8
23 33
36 65
100 53
26 58
88 85
4 33
28 63
30 61
39 97
48 58
6 81
21 14
5 53
64 96
68 11
45 42
46 96
77 95
85 53
33 58
63 73
85 17
73 74
26 15
8 98
33 27
3 92
35 57
19 66
88 8
63 84
36 92
65 81
22 91
85 19
95 80
74 30
79 70
69 52
68 40
5 43
98 60
61 93
54 98
86 51
53 77
36 96
68 66
69 25
73 82
44 82
58 43
10 21
30 11
83 59
14 23
7 53
82 98
48 57
100 8
85 67
51 100
51 62
56 57
99 30
8 41
61 48
69 16
34 45
4 35
79 42
74 94
60 77
20 1
49 72
75 67
45 94
7 78
31 20
40 49
33 74
78 2
61 97
88 62
7 83
84 16
83 22
12 56
71 45
4 77
77 46
73 20
70 20
12 26
9 4
63 18
83 33
94 99
44 40
88 64
100 35
91 65
100 68
95 2
86 35
14 24
35 74
6 100
36 28
81 98
68 75
94 62
76 28
48 56
11 83
10 13
72 70
72 53
68 57
76 17
41 40
39 4
32 71
88 24
75 60
54 93
27 61
51 31
36 93
24 6
12 86
48 61
34 94
27 65
91 38
15 35
65 68
45 54
62 67
30 81
48 3
30 29
12 29
64 22
17 67
62 45
76 12
35 6
9 40
1 22
78 24
61 19
20 93
33 21
99 21
99 95
3 34
98 90
32 60
58 71
19 20
57 59
83 28
72 25
81 51
32 26
8 52
20 50
70 5
89 28
29 31
37 7
86 22
98 83
51 18
50 64
39 73
50 72
75 93
84 98
82 57
7 69
45 13
56 72
85 46
1 14
21 41
74 68
82 24
96 41
82 77
85 54
70 80
9 31
64 5
85 79
83 71
74 40
95 89
71 43
54 72
25 49
12 36
26 59
59 13
58 46
82 40
40 41
96 3
11 99
86 82
84 82
80 29
53 7
54 39
59 32
87 3
92 68
24 95
33 97
1 34
14 18
67 26
39 76
78 32
66 16
100 36
68 3
75 5
9 84
32 97
88 84
29 33
87 4
5 95
22 18
40 51
83 37
98 98
72 31
68 30
52 38
14 8
32 21
86 55
61 25
24 63
76 32
54 15
13 91
81 15
21 35
54 57
97 99
23 52
14 71
71 14
15 72
92 23
8 95
18 49
77 94
91 42
70 67
31 58
43 72
6 44
9 44
86 91
26 70
40 29
99 89
15 100
11 63
2 51
13 46
49 11
56 70
37 94
9 87
3 44
25 40
59 16
15 10
28 16
25 46
39 15
63 47
61 12
30 5
56 66
57 42
23 21
73 24
55 82
72 74
31 82
88 26
91 72
77 20
27 92
73 18
1 10
13 43
38 87
51 22
62 46
64 37
93 74
21 63
42 5
90 57
51 23
51 11
100 85
92 43
71 57
68 34
2 36
11 35
21 49
30 42
59 93
42 75
99 10
87 10
15 18
9 50
83 75
59 47
25 23
51 8
89 65
78 4
51 53
23 39
3 70
39 94
80 21
75 95
18 39
42 54
40 61
71 46
80 23
26 96
72 82
26 1
82 62
78 80
17 43
63 31
93 63
45 42
32 52
40 76
48 25
78 44
41 77
69 47
50 72
23 34
65 66
1 27
2 35
62 11
66 3
17 37
35 97
80 57
89 4
85 30
89 98
66 49
24 100
27 79
83 11
57 2
92 58
93 80
24 88
52 36
9 90
9 73
44 43
65 95
59 35
99 69
59 41
36 53
74 95
92 44
65 37
30 39
50 61
63 7
32 4
21 48
58 94
18 4
35 67
45 78
37 66
34 55
60 40
56 80
20 69
51 21
23 13
37 16
14 94
54 67
98 23
4 34
37 23
82 85
32 85
15 70
3 4
17 39
93 12
38 82
90 80
75 43
82 14
26 90
52 2
7 42
95 14
11 88
12 46
83 6
13 79
58 71
46 41
20 21
89 49
93 14
65 13
25 93
69 48
56 65
44 88
77 17
11 97
25 10
23 83
19 39
50 68
91 47
6 16
52 60
3 92
73 54
7 51
32 5
16 93
58 74
53 59
81 25
65 78
77 46
90 18
83 14
98 52
28 16
40 98
82 39
36 21
25 48
81 33
22 27
87 62
42 25
80 84
87 67
25 19
1 11
46 36
62 51
73 66
13 58
64 60
73 75
7 63
30 92
72 23
72 52
43 31
78 72
48 29
55 13
75 4
64 36
48 78
53 19
26 24
3 46
53 17
54 60
19 10
70 50
66 37
52 17
41 74
64 77
38 97
92 82
97 59
35 33
92 23
42 85
25 53
34 56
86 52
78 95
27 84
27 82
25 10
48 41
78 38
16 54
96 38
97 18
52 6
38 80
73 80
67 88
74 24
1 49
62 66
79 67
2 92
66 49
49 24
23 33
29 87
61 26
72 14
96 94
67 80
53 3
49 32
31 7
92 55
70 93
81 77
18 38
76 88
26 88
35 35
35 86
39 60
21 50
6 18
69 50
19 43
19 43
82 89
24 69
26 85
81 74
60 50
32 39
51 61
61 70
29 64
35 20
76 88
44 52
72 14
39 28
54 89
82 24
77 3
44 3
76 44
11 41
95 79
31 65
9 100
40 36
24 10
1 3
7 31
10 66
48 59
4 57
42 98
67 14
24 28
3 43
38 15
97 52
84 28
75 92
93 81
99 22
69 83
64 34
20 89
92 17
20 50
71 25
48 40
85 19
59 49
64 45
39 26
56 56
96 61
28 38
95 64
18 20
84 7
89 45
4 17
49 27
98 56
90 47
90 99
77 65
66 17
14 61
45 10
68 30
74 53
33 51
15 12
60 18
89 82
36 22
95 71
93 90
42 60
27 88
39 18
19 71
39 32
29 83
85 68
7 40
29 67
90 11
18 82
17 69
59 72
99 25
87 52
79 77
72 92
23 94
14 81
96 5
7 70
49 77
61 20
36 80
88 67
97 51
16 89
80 94
87 85
15 20
48 39
75 44
87 69
92 11
61 49
84 16
59 99
88 99
55 65
96 14
9 49
47 31
88 94
43 57
44 36
47 52
93 95
27 40
70 81
30 55
35 2
58 64
3 71
92 90
64 5
67 2
58 52
43 81
68 49
84 67
51 8
7 84
96 92
90 53
95 75
65 7
37 47
3 55
45 8
26 66
59 37
92 22
13 62
30 89
67 18
52 47
20 63
67 16
63 50
89 54
33 84
8 53
88 2
69 36
1 27
94 94
71 74
77 16
90 6
15 23
11 87
70 12
81 9
58 57
24 29
57 25
14 10
70 57
100 58
96 82
83 55
48 83
25 52
2 79
55 75
24 14
43 25
52 88
52 14
58 47
6 41
3 99
52 41
51 9
85 71
5 1
87 39
49 23
94 25
19 98
1 71
8 4
52 25
94 38
80 77
22 94
13 13
51 96
21 95
93 64
52 29
93 58
26 2
44 41
64 91
77 44
75 100
68 97
3 19
66 48
15 85
51 58
58 40
27 79
24 90
55 73
65 24
32 75
68 1
32 19
2 93
30 58
72 3
30 49
68 69
3 45
13 35
15 41
5 19
13 40
9 50
20 95
72 3
54 67
34 66
73 71
54 76
30 23
28 73
64 13
25 40
4 52
53 47
93 66
41 30
85 76
87 63
29 1
16 96
100 89
31 10
7 6
87 4
47 3
19 2
41 52
6 60
34 47
67 3
64 45
70 65
71 41
26 69
63 45
52 49
69 97
56 55
34 23
7 24
58 33
77 67
1 21
4 80
17 87
77 8
67 27
24 82
35 81
70 72
80 100
15 93
25 24
48 97
41 12
98 8
76 36
69 79
77 33
56 96
75 98
7 62
78 63
30 22
29 60
73 2
40 77
54 3
73 63
70 3
89 85
20 20
70 40
40 7
62 35
4 40
63 76
32 60
1 74
46 62
8 3
23 35
9 29
18 74
53 7
13 94
71 43
46 30
82 53
48 69
41 68
81 1
39 92
73 98
68 43
67 1
12 59
77 72
55 97
8 18
16 76
91 93
100 44
76 10
55 48
31 60
28 10
27 73
81 22
10 21
80 56
10 19
60 97
12 26
51 10
24 95
82 32
23 68
91 8
54 63
11 23
66 57
75 67
7 53
44 51
67 10
40 17
7 99
16 62
31 25
8 18
46 74
32 6
53 66
82 73
34 33
58 85
19 98
11 26
7 88
63 96
21 28
14 42
4 6
69 32
28 48
15 93
99 7
85 7
92 11
2 50
67 22
77 68
21 46
27 27
44 44
56 70
18 86
96 98
68 76
87 83
97 17
70 84
61 57
63 17
82 14
24 31
86 61
80 98
33 87
100 45
75 32
80 87
12 50
38 75
61 99
61 2
34 85
92 25
17 31
18 41
66 26
17 17
98 52
87 69
25 75
62 93
57 69
31 40
44 29
55 39
47 30
41 24
21 85
73 100
8 91
33 4
20 25
12 5
14 30
65 1
64 57
65 41
8 50
35 47
66 70
43 81
18 12
85 67
98 16
10 61
41 70
7 36
63 94
3 89
93 51
81 58
41 34
83 47
92 64
26 77
58 57
83 90
69 8
64 17
39 70
64 14
67 57
1 78
56 73
80 80
16 95
37 36
67 53
91 73
61 94
67 47
45 63
54 49
99 41
50 36
81 90
57 25
97 1
93 28
100 30
51 22
15 93
34 95
21 41
96 63
9 14
30 67
36 73
86 87
40 54
18 92
9 77
86 15
11 10
59 96
79 99
17 60
36 98
70 36
40 78
18 13
75 100
63 86
41 67
98 60
54 29
18 81
7 63
51 1
27 76
67 73
97 35
64 53
32 73
18 8
54 80
76 1
57 66
42 54
25 20
90 33
59 56
14 35
23 83
75 60
64 78
38 7
45 91
33 24
31 90
90 91
46 93
45 34
94 17
20 20
58 58
34 5
93 78
60 66
21 77
89 14
16 43
77 30
1 72
67 13
81 100
55 73
34 59
50 18
29 90
66 49
97 18
73 92
58 90
2 18
99 77
61 28
12 11
97 7
79 23
92 81
66 45
63 98
39 60
44 86
66 91
51 76
99 20
60 92
65 15
24 60
69 42
4 35
57 99
94 47
77 50
5 34
26 87
63 8
91 70
34 4
9 6
56 44
33 62
16 74
59 76
15 11
5 84
6 58
10 78
26 38
16 30
72 27
32 54
31 29
47 65
59 9
14 40
67 15
85 67
16 16
5 61
59 56
31 98
90 37
7 30
30 76
73 74
82 69
65 25
86 6
51 1
80 39
92 22
30 28
33 78
43 20
61 68
73 84
1 22
26 7
30 30
94 18
34 68
89 97
92 53
76 98
44 26
2 30
67 20
72 51
63 93
85 18
99 85
48 59
3 14
28 13
93 87
19 89
93 78
78 1
49 10
20 35
20 41
56 15
74 61
10 43
100 35
75 44
54 100
29 75
67 37
22 100
35 2
97 100
27 77
89 90
76 1
45 78
68 67
95 21
95 12
67 14
20 52
4 99
89 36
37 44
26 78
60 8
22 92
99 81
42 38
73 8
10 57
33 11
79 3
6 68
80 19
93 23
86 70
67 92
68 89
65 48
18 50
47 19
63 1
45 11
57 18
67 15
45 42
59 23
16 5
80 59
75 77
99 28
100 65
72 46
93 85
83 92
97 11
39 49
68 73
92 11
80 1
81 99
37 56
54 21
47 10
3 34
76 61
69 96
25 81
39 29
57 22
89 14
30 7
90 2
19 60
17 38
37 1
20 88
94 18
41 3
10 85
62 37
24 85
77 20
35 19
68 72
97 9
56 53
71 78
4 18
5 31
70 70
21 24
10 18
19 4
96 12
96 87
39 53
24 90
15 56
3 81
35 40
85 35
74 32
20 53
40 79
66 73
41 69
74 74
90 83
24 23
74 46
7 80
19 69
66 85
67 68
36 31
26 12
94 90
45 54
46 72
50 62
88 39
89 44
31 64
40 24
5 31
97 10
52 93
36 8
75 23
74 90
7 48
36 72
38 26
14 77
19 79
38 60
24 2
27 1
74 55
58 70
34 94
36 12
1 93
40 60
91 80
49 95
68 64
68 96
45 62
99 6
28 56
94 90
49 11
2 56
97 68
93 69
95 92
1 12
89 81
98 24
71 85
16 84
49 61
68 79
72 62
83 85
26 42
2 99
46 89
87 20
10 50
71 43
55 61
36 29
75 99
34 52
94 4
78 95
64 85
56 37
53 53
61 28
55 70
30 96
75 50
96 73
25 44
67 88
48 73
94 4
44 72
57 77
90 99
50 68
58 2
93 69
54 60
35 58
95 39
90 98
49 13
42 25
95 57
51 44
46 83
100 2000 95 80
99 89
40 5
48 21
24 26
71 95
76 74
19 2
14 76
52 4
31 33
69 82
22 4
35 9
98 16
53 35
25 9
63 51
73 29
4 4
32 13
66 11
47 16
32 72
44 21
51 91
39 90
20 82
18 62
63 87
12 31
44 73
47 68
94 69
50 50
81 17
6 13
62 70
36 90
98 39
30 95
95 91
14 23
74 37
70 25
84 99
72 41
65 93
75 73
53 72
97 64
30 96
37 62
60 37
13 95
92 15
55 53
15 39
78 49
24 47
19 67
28 10
96 78
20 71
22 37
72 34
39 59
32 44
15 57
75 81
85 47
43 12
56 81
76 5
39 55
66 30
46 32
52 53
75 90
39 94
87 99
58 83
52 61
60 1
34 78
66 34
36 86
71 54
21 59
15 10
67 36
77 97
84 7
80 85
62 50
19 18
86 72
61 81
99 93
30 45
98 50
33 3
24 100
6 65
11 3
94 36
48 100
60 34
61 12
42 87
56 40
5 51
38 45
68 53
42 68
53 85
46 71
36 31
71 9
17 52
37 93
38 17
57 20
82 82
17 98
90 87
25 6
84 36
43 85
39 7
97 85
60 65
10 99
93 27
82 66
69 65
62 87
63 31
33 2
77 37
37 20
47 94
5 46
47 30
18 69
35 51
77 99
5 15
47 95
40 48
90 34
35 47
69 57
30 21
95 12
60 93
46 90
40 11
85 60
83 98
5 79
20 1
82 92
34 61
29 70
44 2
96 89
2 45
4 15
81 83
73 54
80 1
29 88
27 95
19 60
9 3
9 31
5 44
70 49
75 42
51 55
82 67
85 83
82 14
3 53
98 93
85 99
21 13
9 60
43 44
65 48
86 9
44 7
5 69
45 38
50 84
30 21
55 95
28 25
90 49
85 34
7 51
50 71
43 92
63 58
93 51
78 47
87 67
74 27
68 84
100 4
51 9
86 4
3 100
88 72
11 22
2 42
99 12
60 15
41 44
12 56
95 53
58 26
54 33
12 81
1 25
67 59
22 93
10 16
24 97
49 93
35 67
34 70
49 12
60 46
67 62
80 82
25 76
94 58
93 47
23 74
76 15
41 75
72 76
48 72
80 49
14 90
83 35
52 67
88 59
82 80
33 9
74 76
95 43
3 54
43 12
56 18
89 80
56 97
80 82
1 77
63 26
20 62
60 4
29 52
85 55
77 70
16 48
79 2
57 91
30 21
19 78
53 10
50 51
4 49
1 94
54 7
37 82
93 9
87 69
67 55
45 72
71 82
10 43
49 68
3 15
40 87
33 90
9 80
34 8
2 22
21 7
42 64
10 32
3 18
100 42
88 67
7 94
44 52
34 16
61 53
83 53
44 46
64 43
1 46
38 55
66 16
28 78
19 39
25 85
32 85
54 89
11 13
49 92
99 96
16 45
83 11
59 13
72 92
90 53
19 6
90 74
87 22
75 2
82 8
21 4
5 86
1 43
17 57
6 90
44 58
63 69
89 20
56 35
25 8
27 22
53 57
58 89
36 6
64 79
77 23
48 97
23 38
67 73
14 38
41 68
5 9
58 77
68 73
11 39
74 81
24 62
48 55
36 73
52 1
86 43
46 19
24 57
5 63
8 71
89 5
76 26
59 6
39 18
7 52
56 15
41 22
11 26
73 67
40 10
37 56
36 39
64 75
32 53
6 79
26 84
11 79
61 28
19 82
85 65
64 71
88 77
27 9
85 58
20 54
87 40
59 47
96 3
86 19
10 23
41 61
57 28
52 42
71 15
95 50
41 48
53 18
74 89
90 50
76 73
60 12
28 77
30 62
80 24
49 84
24 32
24 78
4 87
63 51
55 56
98 44
18 24
24 44
77 89
56 57
18 48
55 41
1 42
92 90
8 100
41 78
36 43
31 89
45 22
75 94
18 59
10 63
34 55
2 99
64 49
58 62
14 60
58 86
3 84
22 29
81 50
72 84
24 67
7 35
46 56
7 91
59 11
22 7
91 21
27 6
58 28
69 13
24 91
74 55
76 34
20 59
59 58
97 93
23 90
85 33
22 37
92 87
55 58
18 80
6 36
54 54
49 62
18 47
66 93
57 46
30 33
13 11
79 31
38 11
100 18
69 22
1 4
93 59
35 85
69 90
80 18
45 19
17 42
28 58
88 72
42 83
54 33
38 44
92 62
60 96
19 82
44 76
63 99
6 47
8 50
83 81
67 64
13 57
5 74
78 12
87 38
95 7
30 71
57 90
82 79
8 26
4 81
57 56
63 49
22 97
34 75
61 60
12 28
99 92
32 43
78 73
8 100
6 27
71 21
72 3
28 13
14 33
3 61
99 67
29 54
18 28
59 8
20 87
28 39
23 91
93 88
86 19
89 14
41 25
92 29
78 11
9 25
31 25
81 68
73 28
83 27
68 38
10 55
64 30
80 25
14 29
18 49
14 59
28 39
85 57
93 34
74 98
76 76
71 30
33 90
98 16
75 39
85 3
53 44
80 21
79 5
55 80
8 9
34 17
98 41
40 61
7 77
3 47
48 1
36 48
59 53
72 46
44 4
44 10
87 71
89 34
68 80
13 95
93 99
16 60
31 79
92 93
26 76
3 53
84 45
47 17
34 100
23 32
77 46
35 36
35 17
19 33
7 65
37 37
18 19
46 20
38 41
96 74
36 2
40 49
38 42
28 84
40 60
44 3
82 14
84 64
36 73
75 83
50 49
89 91
30 70
16 14
41 69
95 28
72 80
19 36
16 83
55 70
54 71
24 79
84 18
43 47
34 67
5 93
71 90
27 76
97 26
93 95
70 50
22 74
20 80
72 25
67 64
7 66
68 43
25 24
68 17
15 97
65 14
31 69
82 65
37 67
43 49
8 43
93 85
93 95
20 72
92 23
93 84
52 37
83 83
96 54
89 36
18 63
23 14
72 23
73 97
38 92
29 7
3 70
65 53
100 26
17 22
56 1
8 10
80 70
29 65
60 31
24 71
28 92
2 17
53 29
6 55
54 92
61 80
33 100
2 89
99 86
57 70
57 76
67 1
61 15
48 21
52 61
62 77
43 15
34 76
48 89
6 20
48 38
50 57
11 89
50 90
33 77
64 100
3 100
92 33
49 42
34 64
68 20
36 44
55 32
19 86
56 70
11 56
82 32
24 14
84 24
13 28
25 58
5 82
14 34
37 64
92 57
40 80
100 35
74 99
21 40
92 53
73 3
31 71
50 31
24 14
60 16
47 42
47 69
52 3
12 51
18 74
37 55
73 54
89 50
22 79
9 34
1 85
15 71
61 27
62 15
3 53
38 40
39 74
24 51
49 42
12 59
94 12
29 21
51 30
91 60
7 14
14 56
65 92
66 40
2 80
80 28
44 13
24 61
4 6
20 86
82 68
8 50
68 15
58 8
38 96
44 91
61 54
25 40
40 31
50 9
92 79
57 73
20 16
64 91
9 23
58 68
78 95
52 33
30 72
28 49
23 34
72 42
12 96
19 97
93 25
71 75
15 1
3 48
28 27
9 71
52 34
15 69
34 37
52 19
41 22
87 13
64 63
78 97
95 67
61 71
32 42
23 54
48 25
98 43
46 65
91 8
44 92
76 58
68 60
34 44
2 10
27 6
74 77
49 76
51 54
1 18
37 41
56 16
58 98
3 38
40 22
50 39
16 72
17 18
41 77
38 6
51 76
45 93
86 20
75 89
79 92
80 77
23 5
60 64
1 32
82 89
74 47
9 50
3 80
57 8
85 25
31 8
76 11
66 86
28 85
11 51
35 11
3 86
49 37
49 25
9 70
72 82
34 24
8 88
60 85
13 48
29 66
43 82
64 20
29 32
83 13
73 16
83 98
73 70
27 97
66 47
51 26
23 54
88 64
34 79
28 76
75 56
1 70
43 28
9 29
63 7
38 31
55 95
69 42
41 31
73 54
71 71
91 19
99 93
71 98
72 90
37 77
74 87
35 88
76 1
16 79
80 87
43 90
89 63
81 62
52 81
99 7
59 5
58 79
36 45
30 13
92 62
17 46
64 48
12 64
53 81
78 63
76 60
48 5
26 89
68 61
52 81
61 38
26 45
6 66
22 39
22 91
71 20
46 15
99 81
29 39
78 73
91 46
12 96
8 24
99 57
83 96
89 26
84 8
21 69
97 98
4 7
65 40
100 74
19 4
20 46
16 87
17 64
60 94
41 71
99 54
74 33
68 29
45 3
13 26
90 33
62 43
96 43
31 39
72 51
2 31
69 18
44 93
80 8
78 83
87 95
85 4
81 51
47 32
79 89
100 59
15 42
52 46
100 77
45 28
94 32
44 44
96 81
13 46
70 90
82 92
15 93
41 34
9 35
25 32
100 82
86 3
35 38
94 81
7 15
1 24
61 5
97 97
89 4
21 48
49 26
10 9
85 21
98 16
23 96
69 83
70 11
44 57
36 93
49 40
3 85
36 47
78 16
95 65
87 92
55 59
69 36
61 59
57 19
77 9
6 20
97 43
59 25
100 27
6 2
12 97
39 79
93 28
94 26
8 35
76 75
85 81
77 96
17 5
74 67
51 11
64 19
55 98
1 62
41 83
92 69
38 29
18 62
75 64
99 42
80 72
87 74
61 45
53 38
1 52
34 85
76 95
34 22
27 56
2 33
45 79
45 97
64 43
89 16
78 98
97 45
40 27
82 75
3 27
98 55
41 15
43 93
58 1
60 49
65 20
48 54
6 79
79 63
7 58
17 87
4 54
2 91
70 94
16 61
79 98
69 45
31 82
97 72
77 52
62 56
75 78
56 14
52 26
44 83
22 32
16 63
40 77
31 16
42 37
49 39
92 100
70 36
38 5
39 9
36 3
29 18
49 98
24 93
15 28
6 40
20 22
95 94
97 47
49 90
22 94
98 41
76 19
30 5
60 8
21 85
58 77
16 100
99 9
9 78
70 15
88 34
41 14
20 30
42 35
37 18
45 90
62 28
32 23
21 56
25 94
30 33
15 5
85 75
15 17
51 9
66 74
20 15
15 49
12 62
60 10
42 32
50 90
34 98
52 64
91 50
55 11
36 66
29 27
50 69
93 56
76 86
26 55
52 73
48 62
56 89
43 6
51 56
45 36
72 37
41 69
3 97
2 59
45 80
42 52
71 45
43 92
45 64
42 71
69 10
32 42
70 50
98 72
87 30
75 8
5 53
11 32
92 91
25 24
41 85
30 78
3 10
52 85
42 53
73 87
6 8
59 99
52 24
75 46
48 92
24 75
6 31
99 35
57 5
3 82
17 67
62 54
9 82
38 52
9 74
66 26
61 74
9 29
47 46
15 10
88 1
22 8
65 32
14 35
45 65
4 41
36 64
63 1
20 40
71 30
36 33
17 28
93 17
22 40
53 9
55 12
44 39
84 45
21 3
18 53
50 36
24 71
36 52
14 1
45 76
2 6
35 73
21 24
70 23
14 69
38 83
77 82
7 34
26 57
93 69
47 75
34 13
21 50
10 51
99 38
28 91
86 91
47 93
9 95
82 17
22 32
12 81
59 9
65 22
53 52
91 33
64 23
80 83
49 45
100 63
60 66
14 88
78 95
50 29
96 74
7 81
15 55
61 1
54 61
36 31
33 54
99 94
47 71
19 2
83 34
23 73
69 81
97 82
8 12
64 29
98 59
52 44
39 49
37 96
59 30
82 12
7 86
43 84
84 94
87 62
11 71
89 63
59 31
33 67
96 59
52 90
14 97
38 98
53 7
39 28
56 80
46 17
92 65
27 83
46 46
9 90
65 4
57 75
2 42
22 2
78 15
83 90
21 53
51 90
47 35
13 41
24 73
63 61
64 99
52 41
52 98
19 61
21 35
31 62
23 54
14 8
53 29
2 39
40 21
49 6
79 75
52 58
30 19
4 72
73 90
98 47
23 38
11 64
8 1
88 54
31 63
94 80
80 27
46 14
7 80
47 1
42 26
37 31
4 48
21 17
75 74
51 65
91 87
93 39
20 70
69 23
87 35
38 1
60 48
87 87
37 22
86 46
39 34
88 44
53 29
9 61
92 51
64 29
83 16
46 83
45 15
56 45
57 35
43 69
83 64
80 43
88 63
8 60
69 76
2 42
20 34
49 48
59 78
4 93
77 41
65 81
75 76
83 59
87 97
32 45
90 9
6 17
7 18
41 56
22 54
28 23
60 62
76 56
89 83
54 47
35 92
71 25
77 1
42 26
86 33
63 77
96 27
86 80
67 78
15 30
18 81
24 72
42 54
16 46
50 56
47 72
75 13
44 31
1 59
3 48
75 68
92 57
83 59
57 24
64 59
21 31
61 81
44 66
82 3
5 28
49 24
32 20
100 53
19 12
68 69
3 98
39 83
25 95
97 93
38 40
16 42
1 43
23 4
18 58
56 20
16 23
50 57
8 1
35 70
68 61
28 89
14 14
56 68
2 75
69 3
15 5
86 90
6 76
61 61
23 40
27 10
14 52
95 11
81 59
96 80
11 76
33 73
43 95
37 77
1 50
15 8
48 15
88 50
19 26
78 54
3 5
65 46
18 72
84 62
91 78
70 98
55 89
50 68
69 55
56 71
89 81
19 31
48 7
86 60
10 29
21 97
81 65
90 90
43 94
11 59
11 78
65 82
76 25
72 30
10 86
76 24
93 2
24 15
41 2
20 2
3 21
60 1
78 61
92 19
85 22
49 26
50 22
39 34
84 69
69 28
61 66
7 49
64 17
62 73
95 57
74 97
37 27
90 85
12 81
46 96
99 17
58 30
40 68
75 16
46 13
49 85
68 40
66 95
73 10
66 19
40 13
76 37
67 72
66 73
9 66
45 95
75 52
58 17
82 42
42 90
63 26
60 84
43 74
77 92
70 97
85 70
11 85
94 27
47 25
72 35
74 97
12 84
20 28
84 68
11 9
72 45
64 25
94 36
72 56
82 54
18 31
52 71
65 32
16 60
62 40
42 56
36 40
29 95
72 16
59 29
2 55
20 15
33 94
78 60
93 73
61 37
5 63
65 11
8 95
6 9
14 82
85 65
84 3
56 24
22 11
63 10
37 13
67 56
2 50
55 28
25 25
24 3
36 10
6 48
78 35
96 91
95 82
43 96
83 83
82 65
56 74
5 41
41 64
2 90
53 99
33 52
63 14
61 95
97 69
85 2
81 72
59 17
97 45
81 36
94 23
31 89
71 31
95 76
88 34
54 28
5 5
89 65
13 80
29 22
84 27
21 81
74 7
39 4
4 6
7 90
30 36
27 67
3 39
1 4
42 22
3 28
59 6
84 81
13 63
57 53
74 69
55 86
64 34
84 36
52 35
42 63
39 71
74 73
52 29
74 2
94 30
32 45
96 19
81 97
98 68
50 97
93 73
90 80
61 91
6 65
64 60
82 32
18 16
33 75
18 32
82 2
50 83
35 33
22 13
24 54
10 44
88 2
83 30
61 34
35 43
62 63
10 17
64 93
11 93
94 99
13 91
33 85
21 95
3 33
29 90
60 74
84 28
46 30
89 44
8 4
92 72
69 97
3 37
3 28
49 97
4 50
95 74
46 54
46 52
2 7
29 52
36 36
41 21
66 33
10 34
34 49
37 71
76 43
11 82
71 76
59 15
76 70
79 9
56 64
62 24
56 50
100 75
89 67
82 33
40 74
17 23
70 12
33 16
1 98
60 26
50 34
74 70
44 69
21 15
6 7
2 59
61 54
65 48
98 73
60 36
45 31
55 53
86 33
76 50
88 84
94 40
88 48
99 43
71 90
91 9
63 75
26 80
69 12
2 61
3 39
98 14
29 25
72 46
69 83
84 55
92 55
66 36
16 11
60 72
48 11
95 1
52 37
20 77
22 23
48 68
40 23
88 60
10 51
75 27
6 41
90 21
77 68
62 3
93 40
17 51
18 78
76 2
72 38
52 60
75 40
46 64
89 61
14 45
95 53
10 96
3 71
89 86
21 25
87 37
54 65
83 81
96 67
100 19
40 63
59 9
5 25
3 63
72 12
69 4
58 84
81 36
58 71
14 12
34 92
55 4
29 13
40 11
33 54
70 14
86 83
9 27
76 86
49 4
32 55
59 73
11 95
17 19
59 55
45 28
63 63
26 18
2 28
100 40
74 85
36 28
2 52
12 12
71 38
46 82
89 29
59 18
27 86
87 57
49 97
18 48
48 86
55 99
90 38
17 26
28 55
78 42
55 10
21 42
53 47
85 61
2 77
73 60
33 54
39 87
76 99
17 71
79 26
53 87
86 42
42 31
9 56
70 26
38 18
59 86
27 53
27 79
45 60
85 2
25 14
57 33
59 54
70 61
39 34
97 72
16 41
72 10
15 82
91 51
99 41
24 79
28 13
47 33
57 2
34 98
19 42
87 1
23 38
40 65
98 27
11 42
8 88
55 52
3 22
58 16
37 4
5 97
37 63
19 83
77 99
90 83
20 88
65 1
6 75
79 91
55 10
62 44
79 17
6 59
31 53
5 61
38 78
75 2
90 28
20 96
56 77
29 67
26 59
58 23
9 64
61 62
56 10
81 86
55 4
18 12
45 54
57 67
15 84
91 90
22 70
61 16
18 77
94 29
76 57
57 93
42 59
10 80
69 67
37 88
19 74
55 1
43 40
83 93
51 97
96 51
26 3
48 17
70 7
11 29
28 33
52 94
55 70
100 11
30 13
80 33
61 76
52 11
13 28
53 52
88 73
68 75
52 20
42 23
4 16
22 12
9 59
30 70
95 83
20 80
49 50
17 81
31 17
50 63
32 86
69 30
29 9
92 29
71 70
75 59
97 33
32 44
52 47
57 86
49 36
18 59
19 29
36 3
2 70
59 65
39 37
60 22
10 81
31 29
19 78
21 12
9 60
17 46
2 86
14 30
54 61
47 17
10 33
12 22
40 59
45 74
86 9
16 40
31 27
34 3
32 24
24 81
79 82
8 51
78 46
42 22
5 77
82 93
20 68
95 75
54 92
61 86
95 26
10 42
85 76
33 30
99 686 73 29
73 10
73 83
73 23
73 85
73 23
73 85
73 85
73 83
73 83
73 10
73 23
73 83
23 85
85 23
10 83
83 85
23 85
23 23
85 10
10 85
85 10
10 23
10 10
83 83
85 85
85 85
23 23
83 83
23 3
10 97
85 39
83 3
85 39
23 3
83 97
85 97
83 39
97 3
3 97
97 3
3 3
39 97
97 39
3 39
3 3
39 3
39 39
3 3
97 97
39 89
97 36
97 22
39 94
39 36
97 36
3 89
3 36
3 89
97 89
97 94
39 36
94 89
94 94
22 36
89 89
22 89
89 22
22 94
22 22
94 22
94 36
94 22
89 22
89 89
22 22
22 89
36 94
36 38
94 5
94 5
36 38
22 5
94 5
5 5
38 5
5 5
38 5
38 38
38 5
38 38
38 5
38 79
38 21
38 21
5 21
38 21
5 79
79 21
21 79
21 21
21 79
79 79
79 79
79 21
79 79
21 30
21 7
21 12
79 30
21 7
21 30
21 12
21 30
21 7
7 7
30 12
7 7
12 30
30 7
12 12
7 7
30 12
12 30
12 30
30 30
7 7
30 45
12 17
30 91
12 60
7 60
30 45
7 60
7 91
7 17
7 91
7 60
7 17
45 91
60 17
45 45
45 45
60 45
17 17
91 17
45 45
91 45
45 17
17 17
60 91
45 91
91 91
17 91
45 17
45 98
60 67
45 96
91 67
91 96
17 67
45 96
60 67
45 96
98 67
96 96
67 98
98 67
67 98
67 98
98 96
96 98
98 67
98 67
67 98
67 98
98 15
98 61
96 99
67 74
67 61
67 99
96 99
98 61
96 61
67 74
98 74
96 99
61 74
15 74
61 99
74 74
74 74
74 99
74 15
74 99
15 99
74 15
74 61
15 61
99 99
74 99
99 74
74 61
99 13
15 42
15 20
15 13
61 20
74 20
99 42
99 20
15 13
42 42
42 42
13 20
42 20
20 42
13 20
13 13
20 13
20 42
20 20
42 20
13 42
20 62
13 41
13 35
20 50
42 84
13 41
42 62
20 35
20 84
42 41
42 50
13 35
42 84
42 50
42 62
41 62
84 62
84 84
35 84
41 50
41 41
35 62
84 84
35 62
62 84
84 84
41 50
50 41
41 62
35 84
50 50
35 41
84 35
50 50
50 41
84 48
35 88
35 43
41 27
84 68
84 68
50 48
35 43
62 43
50 88
41 27
35 48
62 48
50 48
41 48
48 88
27 68
43 27
88 68
27 88
27 88
27 48
43 88
43 68
88 27
68 27
43 43
27 43
68 43
88 27
43 27
68 88
88 43
43 48
48 43
88 31
88 25
48 58
68 78
43 25
43 31
88 58
88 31
68 58
48 31
68 31
27 25
25 78
78 25
78 25
31 25
31 58
78 58
31 78
58 58
78 58
58 78
58 31
78 78
78 78
58 58
25 78
25 31
31 16
58 26
25 66
25 16
78 66
31 66
78 66
58 26
25 16
16 66
26 66
66 26
66 16
16 66
26 26
26 26
66 16
66 66
66 16
66 16
26 26
16 37
66 59
26 28
16 47
16 59
26 28
26 37
26 28
66 59
26 47
66 28
66 28
28 37
59 59
37 37
59 59
28 37
28 59
37 47
47 37
59 59
59 37
28 37
59 28
47 59
59 59
47 59
59 37
59 64
47 65
59 6
37 65
28 65
37 64
47 64
59 6
59 6
65 64
65 65
64 65
65 64
65 65
64 6
64 65
64 64
6 65
64 65
65 6
64 6
65 70
65 51
65 54
64 51
6 70
64 54
6 51
6 70
65 51
54 51
54 54
54 54
51 51
54 70
54 51
54 54
54 51
70 54
54 54
70 70
70 51
54 14
51 53
70 40
70 55
70 9
70 14
51 14
70 55
54 40
70 14
51 55
70 14
70 53
54 9
51 9
40 9
40 14
40 9
55 55
9 14
40 40
14 53
53 53
14 40
14 53
9 53
40 53
9 40
55 14
53 40
53 40
53 9
40 40
40 9
14 55
9 87
55 76
9 87
53 87
53 76
53 87
87 87
76 87
87 76
87 76
76 87
76 76
76 76
87 87
76 75
76 92
87 75
76 75
76 92
87 75
75 75
92 92
75 92
75 92
92 92
92 92
75 92
75 92
75 11
75 86
92 80
75 49
75 86
92 86
92 86
92 86
92 49
75 49
92 80
75 80
80 49
49 49
49 80
80 80
86 80
11 49
49 80
80 86
11 86
86 11
86 11
49 49
80 49
11 11
86 11
86 86
86 81
80 33
80 18
80 1
80 33
80 81
80 81
86 1
11 1
11 1
49 18
86 1
81 33
18 81
81 33
1 81
1 18
33 81
33 1
33 18
81 1
18 18
18 18
33 33
33 33
81 1
33 81
1 18
33 2
1 56
81 29
81 8
81 90
81 46
18 46
18 90
33 8
18 2
33 46
1 8
1 29
1 8
81 56
18 2
1 56
33 56
8 56
29 56
90 46
29 2
90 90
56 46
46 90
29 90
56 56
8 90
2 46
46 8
46 29
29 2
46 56
56 90
8 90
46 46
29 46
8 56
90 90
8 90
56 29
90 56
90 52
46 57
46 95
8 32
29 57
90 52
8 57
56 57
29 57
8 52
46 95
8 57
95 57
32 52
32 32
57 52
95 52
95 57
57 95
57 95
57 52
52 32
95 52
32 57
32 95
57 95
52 57
52 57
57 44
95 24
52 44
32 44
52 24
32 24
24 24
24 44
24 44
44 44
44 24
24 44
24 44
44 24
24 34
24 72
44 34
44 72
44 34
44 72
72 72
72 72
72 72
34 72
72 34
34 72
34 72
72 72
72 19
72 69
72 4
34 69
72 69
34 4
72 19
34 19
34 19
4 4
19 19
69 19
69 19
4 69
19 19
69 4
19 4
69 69
4 4
19 69
19 4
69 93
4 63
69 63
4 93
4 93
4 63
63 93
63 93
93 93
93 63
63 63
63 93
93 93
93 93
63 71
63 82
93 77
63 71
63 82
93 77
63 71
63 71
63 82
77 71
82 71
71 82
71 82
71 71
77 82
77 77
77 82
71 71
71 77
77 71
71 82
99 686 89 20
89 93
89 31
89 92
89 31
89 93
89 92
89 92
89 93
89 92
92 31
92 31
92 31
93 31
31 93
31 92
93 92
31 92
92 92
93 31
93 31
92 92
93 39
93 41
31 63
92 69
92 41
93 41
31 69
93 41
93 41
31 69
92 63
92 63
69 69
63 69
69 41
63 63
41 39
41 69
69 69
69 69
63 69
39 63
41 41
41 63
41 63
39 39
69 63
63 69
63 60
69 21
69 21
69 60
63 60
63 21
21 21
60 21
60 21
60 60
60 60
60 60
60 60
60 60
60 32
60 1
21 44
60 28
60 83
21 32
60 28
60 83
21 32
60 44
21 28
60 1
60 32
21 83
60 28
1 28
83 83
83 32
1 1
28 28
83 83
28 28
1 83
1 32
32 44
83 1
83 32
28 44
44 83
44 32
83 83
28 28
32 83
32 44
28 44
1 98
1 78
44 54
1 79
83 23
32 54
32 78
32 98
1 98
83 78
1 23
83 54
44 23
28 79
83 54
78 79
79 78
23 23
98 78
54 79
98 54
79 54
78 79
98 78
54 98
98 23
23 78
23 78
54 98
78 79
54 54
54 78
79 98
54 54
23 78
54 67
79 52
23 22
98 65
79 65
79 67
79 67
79 22
79 65
79 65
78 67
78 52
67 52
65 65
22 52
65 52
52 67
52 65
67 65
65 52
22 67
67 65
67 22
67 22
65 52
22 67
67 65
67 22
52 72
67 88
67 90
65 90
67 88
52 72
22 88
65 88
67 72
90 90
90 88
88 90
72 90
72 72
88 88
90 72
72 90
90 88
90 90
90 90
72 90
90 29
90 9
90 29
88 29
90 9
88 29
9 9
29 9
29 9
9 29
9 9
29 9
9 29
9 9
9 43
29 40
9 38
9 87
9 18
29 47
9 87
9 87
29 47
29 40
9 40
9 18
29 38
29 38
9 87
9 43
9 40
9 87
87 47
87 87
47 43
40 43
87 40
87 40
43 18
40 47
47 38
47 38
18 87
47 38
18 18
38 87
18 47
43 40
38 43
87 18
38 40
18 87
18 38
47 87
38 38
40 47
40 14
18 70
43 91
38 76
18 91
40 14
18 91
87 91
87 14
43 76
40 14
40 14
70 91
76 76
91 70
76 91
91 91
91 70
14 70
14 76
14 14
91 91
91 70
14 76
91 14
14 70
14 91
14 76
76 94
91 25
70 3
14 95
76 30
70 3
76 95
76 25
70 30
14 25
70 94
14 3
70 95
76 95
76 30
30 94
25 30
25 3
30 30
95 94
3 3
25 3
30 3
30 95
30 30
3 3
3 25
95 30
94 25
94 25
95 94
3 30
95 94
95 95
95 94
94 46
95 61
95 64
94 61
30 61
25 64
30 64
95 64
95 61
46 46
61 46
64 64
64 61
64 64
64 46
64 46
46 61
64 46
64 61
61 64
64 46
61 96
46 97
46 62
64 77
61 62
61 62
61 77
61 96
64 97
64 62
61 62
64 97
62 96
96 62
97 96
96 96
62 62
77 77
62 97
77 96
97 96
96 97
96 96
96 96
62 62
77 77
77 77
96 77
97 19
62 33
96 19
96 33
96 33
62 33
33 19
19 33
19 19
19 19
19 19
33 19
19 33
33 19
19 6
19 75
33 6
19 6
19 75
33 6
6 75
6 6
6 6
75 75
75 75
6 75
6 6
75 75
75 55
75 84
75 55
75 84
75 55
75 84
55 55
55 55
84 84
84 55
84 84
55 84
84 84
55 84
55 85
55 45
55 82
84 45
84 85
84 82
55 82
84 82
55 85
85 85
82 85
45 45
82 45
82 85
45 45
45 82
82 45
45 82
82 82
82 82
45 82
85 16
82 49
85 99
45 10
85 10
85 16
85 10
85 49
82 49
85 49
85 10
85 10
49 16
16 10
49 10
99 10
10 16
49 99
16 99
49 99
49 49
99 10
99 16
10 49
99 49
16 16
10 99
10 99
99 50
99 53
16 24
10 24
99 53
16 24
99 24
99 24
99 50
50 53
24 24
50 24
50 24
53 24
50 53
24 50
53 50
50 24
53 24
50 24
50 53
50 48
24 48
50 48
48 48
48 48
48 48
48 48
48 68
48 81
48 74
48 80
48 37
48 11
48 80
48 81
48 11
48 37
48 81
48 74
48 81
48 74
48 37
48 74
48 68
48 11
68 80
81 81
74 74
80 68
81 37
81 80
80 37
11 11
74 37
37 74
80 68
37 80
74 74
37 37
37 68
74 11
80 81
74 37
37 81
81 80
80 37
81 80
11 37
74 37
74 35
37 71
80 57
81 86
37 17
80 71
74 86
68 86
80 86
68 71
68 57
81 71
80 71
37 71
81 86
17 71
17 57
71 35
17 86
71 57
86 57
57 86
17 35
86 17
35 71
86 57
86 71
17 86
17 35
35 57
57 35
17 57
17 86
57 17
86 35
57 51
57 13
57 13
35 13
57 51
86 51
51 51
13 51
13 13
51 13
13 51
51 13
51 51
51 13
13 2
51 27
13 59
51 2
51 59
51 59
13 59
13 2
51 59
2 59
59 59
2 27
2 59
27 27
27 27
59 2
27 2
2 27
59 27
59 2
2 59
2 56
2 8
27 20
59 4
59 20
2 8
2 8
27 56
59 4
27 4
27 20
59 4
20 56
20 8
4 56
4 8
56 8
20 8
8 8
20 4
4 56
4 56
56 20
20 56
20 56
8 4
8 4
20 56
20 5
4 12
8 58
8 58
4 12
4 12
20 12
4 58
20 58
58 12
5 58
12 5
5 58
58 58
58 58
58 58
12 58
5 12
58 58
5 5
5 12
5 73
5 42
12 73
5 73
58 73
12 42
42 42
42 42
73 42
73 73
73 42
73 42
73 42
73 73
42 36
73 34
42 66
42 66
73 34
42 34
73 66
73 36
42 66
66 36
34 34
66 66
66 66
36 34
36 36
36 34
66 36
66 34
34 36
66 34
34 36
34 7
66 15
34 26
34 26
34 26
66 26
66 15
66 7
36 15
15 7
7 26
7 26
26 15
15 26
15 15
15 7
26 15
26 26
7 7
15 15
26 15
99 686 86 8
86 34
86 20
86 82
86 95
86 1
86 49
86 11
86 34
86 1
86 49
86 82
86 11
86 11
86 34
86 34
86 1
86 20
86 82
86 95
86 1
86 1
20 34
34 82
95 1
1 82
49 20
82 11
49 95
82 82
49 20
95 1
1 34
11 11
11 49
95 11
11 49
11 95
20 11
82 11
1 1
34 95
34 95
49 34
82 82
95 20
34 20
49 1
95 11
95 11
95 10
1 38
82 10
34 10
49 38
1 38
38 10
38 10
38 38
10 10
10 38
10 38
10 38
10 10
10 31
38 33
10 31
10 33
38 31
10 31
31 31
33 31
31 31
31 31
33 31
33 33
33 33
31 31
31 53
31 46
31 44
33 67
31 50
33 96
33 93
31 83
31 93
33 50
31 44
31 67
31 96
33 93
33 50
33 44
33 53
31 83
31 93
33 93
33 46
33 67
33 93
31 50
93 96
53 67
50 50
67 46
53 53
53 96
67 46
44 96
46 44
96 67
44 53
44 50
50 44
67 67
67 67
46 46
44 67
96 44
67 67
83 96
50 93
50 53
67 44
83 44
46 44
67 83
46 93
67 93
67 83
44 93
83 83
67 46
96 69
83 69
53 69
69 69
69 69
69 69
69 69
69 59
69 4
69 7
69 85
69 85
69 7
69 4
69 59
69 59
69 4
69 4
69 59
59 85
4 59
7 85
4 59
4 7
7 85
85 7
4 59
7 59
7 59
4 7
85 4
4 85
7 59
4 85
85 85
4 12
85 6
85 78
4 2
59 57
59 19
59 75
4 16
85 52
7 6
4 19
4 16
59 16
4 16
4 6
59 19
7 16
59 78
7 52
59 16
4 19
7 19
59 6
85 57
4 6
4 19
4 12
19 2
75 6
75 52
16 57
19 16
75 6
78 19
78 78
16 16
57 19
75 19
16 16
12 52
12 2
78 2
12 6
57 19
78 2
57 78
78 16
78 6
75 19
19 16
16 52
52 52
6 52
57 6
52 75
6 12
52 78
19 19
19 75
57 12
57 12
57 57
16 16
6 30
57 98
12 30
6 30
78 98
19 98
98 30
30 30
30 98
30 98
98 98
30 30
98 98
98 30
30 97
30 68
30 91
30 35
98 35
30 35
30 97
98 68
30 91
98 68
30 97
30 68
35 68
68 68
91 35
91 97
91 35
68 68
91 68
97 35
97 68
35 91
68 97
91 68
91 97
35 97
97 68
91 68
35 88
35 76
97 18
91 54
97 21
35 54
97 54
97 21
68 88
91 54
35 18
91 18
97 21
35 88
91 18
54 18
54 21
54 54
18 21
18 76
76 21
18 18
21 88
18 21
88 54
76 54
76 21
18 21
54 18
88 21
88 18
88 54
21 76
88 76
18 18
76 28
76 71
21 72
54 28
18 71
18 71
21 72
76 71
54 71
28 71
72 72
72 71
72 72
72 71
28 28
71 28
72 72
28 28
71 28
72 72
72 71
28 58
71 55
72 58
71 58
71 58
72 55
55 55
58 58
55 55
58 58
58 58
55 58
55 58
55 58
58 47
55 47
58 47
47 47
47 47
47 47
47 47
47 61
47 42
47 3
47 73
47 80
47 77
47 61
47 73
47 77
47 73
47 80
47 42
47 61
47 3
47 3
47 61
47 80
47 77
3 3
80 80
73 73
42 3
3 42
73 42
73 80
77 61
3 73
3 61
3 42
80 42
61 61
77 73
73 77
80 73
3 3
80 42
3 80
61 77
42 77
73 73
3 80
73 42
61 23
42 70
61 70
3 70
73 23
42 70
23 70
23 23
23 23
23 70
70 70
23 23
23 23
23 23
70 56
23 27
23 27
23 56
70 27
23 56
56 27
56 27
56 56
27 56
56 27
56 27
56 56
56 27
27 17
56 39
56 17
27 17
56 39
56 17
39 39
17 39
17 39
39 17
17 39
17 39
17 39
39 17
17 87
17 90
39 87
17 90
39 90
17 87
90 90
87 87
87 90
90 87
87 90
90 90
87 87
90 87
87 5
90 22
87 79
87 66
87 24
87 81
90 81
87 81
90 81
87 81
87 81
90 66
90 22
90 24
87 24
87 5
90 79
90 66
81 24
81 81
66 79
22 79
81 66
22 66
22 66
66 81
66 24
79 24
5 24
66 22
5 22
22 5
66 79
22 5
5 81
81 79
66 24
22 66
22 5
24 81
79 81
22 66
79 99
22 40
79 40
22 99
79 40
22 99
99 99
40 99
40 40
99 40
99 40
99 40
40 99
40 99
99 74
99 51
99 74
99 74
99 74
40 51
74 51
51 74
74 74
51 51
74 51
51 74
74 51
51 74
51 60
51 63
51 63
51 60
51 63
51 63
63 60
60 60
63 60
60 60
63 63
60 60
63 63
63 63
63 65
63 37
60 37
63 37
63 65
63 37
37 65
37 37
65 65
37 65
65 37
65 37
65 37
65 65
37 41
37 43
37 41
37 41
65 43
65 41
41 41
41 41
41 43
41 43
43 43
41 43
41 41
41 43
43 29
41 29
43 29
29 29
29 29
29 29
29 29
29 64
29 15
29 94
29 48
29 36
29 26
29 48
29 94
29 15
29 64
29 36
29 36
29 26
29 15
29 94
29 48
29 94
29 94
36 64
48 36
26 64
94 26
64 15
26 94
48 48
15 26
36 94
36 94
26 15
26 36
36 94
36 26
48 64
26 26
64 48
36 36
64 26
64 15
48 48
26 26
64 64
36 48
94 13
36 84
15 13
94 84
26 13
94 13
13 84
13 13
84 84
13 13
84 84
84 84
84 84
84 84
13 62
13 14
84 25
13 89
84 92
84 25
13 14
13 92
13 62
13 25
84 14
84 62
84 62
13 62
13 92
62 62
62 14
25 92
25 89
14 25
25 92
92 25
92 92
89 62
62 89
25 25
92 89
62 14
14 92
14 89
62 25
14 89
92 89
89 89
92 92
14 9
92 32
25 8
62 45
89 45
14 32
25 8
25 9
89 45
89 8
89 45
14 9
45 9
32 9
32 45
8 8
45 45
45 45
8 45
8 8
9 9
9 45
9 32
8 32
8 9
9 9
8 32
45 8
99 686 95 22
95 66
95 99
95 77
95 97
95 36
95 92
95 77
95 97
95 92
95 97
95 77
95 99
95 36
95 99
95 92
95 99
95 66
95 36
99 92
99 66
99 92
77 92
77 77
92 36
66 99
36 36
92 77
66 77
97 77
77 97
92 99
36 97
77 66
97 97
92 66
36 66
66 97
36 36
77 66
36 36
36 97
77 99
92 25
77 71
92 91
36 43
36 64
97 56
92 64
36 64
92 91
92 56
66 25
77 25
77 91
36 91
77 71
66 91
66 91
97 71
43 43
71 64
71 71
91 64
43 71
43 91
56 25
25 43
43 91
43 56
56 25
91 64
56 56
91 43
64 71
56 91
56 64
56 56
43 56
25 71
25 64
43 56
56 25
43 25
43 23
64 55
71 23
91 23
43 55
71 23
55 55
23 23
55 55
55 55
55 55
55 55
55 55
23 23
55 78
55 41
23 2
55 78
55 78
23 41
23 2
23 2
55 2
41 78
2 41
78 2
78 41
2 2
41 2
78 78
78 78
2 78
78 2
78 2
78 41
2 15
41 12
41 49
78 15
2 12
78 12
2 15
78 12
41 49
49 12
15 49
49 15
12 15
15 49
15 49
15 49
49 15
49 49
49 49
49 49
15 15
15 8
12 14
15 10
49 52
15 53
15 53
12 10
15 8
12 10
49 8
12 8
12 52
15 53
49 14
12 8
14 14
8 14
53 52
8 14
8 52
8 52
52 14
10 52
14 53
53 53
10 10
52 8
10 53
10 14
53 14
53 52
10 53
10 8
52 14
8 53
53 84
14 61
14 27
14 84
8 27
8 84
14 61
14 84
14 61
27 27
84 61
27 27
61 61
84 84
84 27
84 27
27 61
84 27
84 61
61 84
61 84
61 59
27 59
84 59
59 59
59 59
59 59
59 59
59 7
59 33
59 33
59 33
59 7
59 33
7 7
33 7
33 7
7 33
7 33
33 33
33 33
33 33
7 70
33 13
7 20
33 44
33 44
7 44
33 44
7 13
33 44
7 20
7 13
7 44
20 44
44 44
20 13
20 70
13 13
20 13
13 70
13 20
20 44
44 70
70 20
70 20
20 20
70 13
20 20
20 44
13 93
13 6
20 48
20 65
13 63
70 19
70 63
20 6
44 48
44 48
44 48
70 65
13 65
20 93
70 6
13 93
44 65
44 48
19 93
93 93
65 93
93 65
6 19
19 19
65 65
19 93
19 63
65 19
63 93
63 19
63 93
48 65
19 63
48 19
6 65
19 6
93 48
6 19
19 65
63 93
19 93
19 63
48 38
63 75
19 73
19 51
63 68
93 75
65 51
19 38
65 75
93 75
19 75
48 38
65 73
93 38
6 73
75 75
38 68
75 75
68 38
51 51
73 68
75 38
38 51
68 38
73 51
73 68
38 75
51 73
68 68
38 68
38 75
73 51
73 68
75 51
51 73
68 9
68 76
51 11
38 47
51 76
38 9
73 47
68 11
38 9
73 11
68 11
38 11
76 11
76 9
9 9
9 76
47 9
9 47
9 47
47 9
47 11
11 11
47 76
9 9
9 11
47 9
76 76
11 76
76 60
11 57
9 31
11 57
76 31
47 57
47 60
76 60
76 57
57 60
31 31
31 57
57 31
60 57
60 60
31 57
31 31
31 31
31 57
57 31
57 57
60 21
60 4
60 4
31 21
57 4
57 4
4 21
21 4
4 4
4 21
4 4
4 21
21 4
4 21
21 26
4 88
21 26
21 26
4 88
21 88
26 26
26 26
88 88
26 26
88 26
26 26
88 88
26 88
88 96
26 80
88 80
26 80
26 80
88 96
96 96
80 80
96 96
96 96
80 96
80 80
80 80
80 80
80 62
96 62
80 62
62 62
62 62
62 62
62 62
62 40
62 74
62 40
62 74
62 40
62 40
40 74
40 40
74 74
40 74
74 40
40 40
74 74
40 74
74 87
40 87
74 87
87 87
87 87
87 87
87 87
87 85
87 39
87 17
87 85
87 39
87 39
87 39
87 85
87 85
17 39
17 39
85 39
39 17
85 17
85 85
39 17
17 85
17 85
17 39
85 39
85 39
17 83
85 86
85 29
39 29
85 83
39 86
85 29
39 83
17 29
29 86
86 83
86 29
86 83
86 29
29 83
83 83
86 83
86 86
29 83
29 86
86 83
29 58
29 18
29 42
29 79
83 58
29 79
86 42
29 58
29 79
29 42
86 58
83 42
58 42
79 79
79 42
58 18
79 42
79 58
42 58
18 79
58 58
42 58
58 79
58 79
79 18
42 18
79 79
18 79
79 5
18 98
42 3
79 35
58 3
58 35
79 98
58 35
58 3
79 35
18 3
79 35
5 3
35 5
35 35
3 5
98 3
5 3
3 5
3 35
3 5
98 3
5 35
5 5
5 3
5 3
5 98
35 35
35 69
98 37
35 34
35 94
98 67
35 69
5 69
35 94
5 67
3 37
35 37
5 94
98 94
3 94
5 34
94 94
37 67
34 69
69 67
37 67
69 94
69 34
34 69
37 67
94 34
67 69
69 94
69 37
94 94
67 37
69 69
37 67
69 67
67 67
94 37
69 22
94 72
94 81
94 89
37 30
94 16
34 24
69 82
94 30
67 81
67 24
37 30
37 30
94 16
34 72
37 89
37 16
34 89
94 22
67 22
94 89
94 81
34 24
94 89
24 24
81 24
72 22
82 72
16 72
16 81
16 16
24 30
82 30
81 72
22 81
89 89
16 24
22 24
72 30
89 30
81 82
24 82
81 72
22 22
16 30
22 81
81 89
82 89
24 89
72 24
22 72
82 82
22 16
89 30
24 82
16 89
81 54
24 1
89 1
22 54
89 1
81 1
54 54
1 54
1 54
54 54
1 54
54 54
54 54
54 54
54 90
54 50
1 46
1 28
54 90
1 50
1 50
54 46
1 50
54 28
54 90
54 50
90 90
28 90
46 50
50 28
90 90
46 46
46 90
28 50
50 28
46 28
50 50
28 46
50 46
46 90
28 50
46 50
90 32
28 45
90 32
50 45
50 45
28 32
45 32
45 45
32 45
32 32
32 32
32 32
32 32
32 45
99 686 61 7
61 80
61 81
61 83
61 64
61 40
61 44
61 64
61 44
61 40
61 44
61 64
61 81
61 81
61 64
61 64
61 80
61 40
61 83
40 80
83 80
80 81
80 80
64 44
80 64
40 80
81 81
81 80
64 40
81 81
40 83
44 44
81 81
83 44
64 81
81 81
80 81
44 83
64 80
40 81
80 44
40 83
80 64
83 18
40 75
64 46
83 57
44 25
44 57
40 57
44 75
81 46
83 46
44 18
44 57
83 25
44 75
81 25
75 57
46 46
18 18
75 18
46 75
57 57
46 25
75 25
18 18
46 18
18 25
46 25
46 57
46 57
18 75
25 46
46 25
18 46
57 75
57 75
46 70
25 14
57 14
25 14
46 70
75 14
70 70
70 14
70 70
14 14
70 14
14 14
14 70
70 14
14 52
70 8
70 16
70 33
14 52
70 8
70 16
14 52
70 8
70 52
14 16
14 16
16 33
33 8
16 8
16 8
52 16
8 16
16 52
33 52
8 8
52 16
33 16
8 8
52 33
16 8
33 33
52 8
33 45
52 77
33 45
52 45
33 77
8 77
45 45
45 77
77 77
77 45
77 45
77 45
45 77
77 77
45 55
45 98
45 97
45 97
77 97
45 97
77 97
45 98
45 98
55 97
55 98
97 98
97 98
55 55
98 97
97 98
55 97
55 97
55 55
98 55
98 97
98 7
97 7
55 7
7 7
7 7
7 7
7 7
7 5
7 63
7 48
7 69
7 69
7 5
7 63
7 5
7 5
7 5
7 63
7 48
63 5
63 63
69 5
5 69
48 5
48 48
63 63
5 48
48 63
69 48
5 5
63 63
69 63
5 69
48 48
5 5
63 19
5 94
5 21
63 72
48 2
69 1
48 1
63 2
48 94
69 21
69 72
5 94
5 19
63 2
69 72
48 21
48 1
5 72
1 21
2 2
72 94
1 1
94 21
1 19
19 1
19 2
1 72
72 2
72 2
2 72
19 94
21 19
2 2
94 1
94 21
1 2
1 94
2 1
94 1
19 72
19 2
1 1
2 36
94 11
2 91
19 73
1 32
1 30
19 11
1 73
21 32
94 30
94 91
21 32
2 91
72 11
72 91
19 11
21 32
21 11
32 36
73 73
36 32
11 91
11 73
73 30
73 73
30 32
36 30
11 36
11 36
73 91
73 30
91 36
73 30
36 30
32 32
36 36
11 11
73 30
32 91
11 32
73 91
73 11
91 9
30 86
91 84
91 15
91 86
91 9
11 84
11 86
73 84
73 15
11 84
91 9
9 9
9 86
86 84
9 9
86 86
15 9
86 86
9 86
9 84
84 86
9 86
86 84
84 15
9 84
15 84
86 9
84 43
9 41
15 95
84 41
86 95
84 43
15 95
86 41
15 43
41 95
95 41
41 95
95 43
95 43
43 95
43 41
41 43
41 95
95 43
41 41
41 43
95 66
41 47
95 71
43 68
43 71
95 68
95 47
95 68
95 71
95 68
95 47
41 68
66 66
47 47
66 68
66 68
66 68
71 47
66 68
71 68
47 71
66 71
66 68
68 68
71 47
66 66
47 68
68 66
68 24
66 76
47 76
66 24
71 24
47 24
24 24
76 76
76 24
76 24
24 24
76 24
24 76
76 24
76 62
24 60
76 42
24 62
76 60
24 42
76 42
76 62
76 62
60 60
60 60
42 60
60 62
42 42
42 62
62 62
62 60
42 60
60 42
42 60
42 42
62 23
42 78
62 59
62 29
42 29
42 23
62 78
42 78
62 23
60 29
62 59
60 78
59 29
29 29
59 29
78 29
29 78
59 78
23 78
23 29
59 23
23 78
59 23
29 23
78 78
23 59
78 29
59 59
59 79
78 58
59 87
23 79
23 58
78 79
78 87
23 58
29 58
79 79
79 58
79 87
58 79
58 87
58 58
87 79
79 58
58 58
58 79
79 87
58 87
87 53
58 49
58 96
58 82
58 12
79 96
58 96
87 49
58 53
58 12
79 96
79 82
87 49
58 82
79 82
53 49
53 82
53 96
53 49
12 96
12 82
53 53
49 12
82 12
53 82
96 49
49 96
12 53
82 12
49 12
49 53
12 82
12 53
12 49
96 53
96 34
49 88
12 34
49 34
49 34
53 88
88 34
34 34
34 34
34 34
88 88
88 34
34 88
34 34
88 92
88 4
34 28
34 74
34 28
34 28
34 74
88 92
88 92
34 28
34 74
88 28
28 74
4 4
74 4
28 74
4 28
4 4
74 4
92 92
74 92
92 4
4 74
4 74
74 28
74 92
4 74
4 4
74 37
92 65
92 37
92 37
74 65
4 65
37 65
37 65
37 37
37 37
37 65
65 37
37 37
65 65
37 99
65 99
65 99
99 99
99 99
99 99
99 99
99 38
99 17
99 85
99 85
99 17
99 85
99 17
99 85
99 85
17 85
38 38
85 38
17 85
85 17
85 38
85 38
38 17
85 17
17 85
17 17
85 17
85 51
85 56
17 51
85 51
38 51
38 51
56 56
56 51
51 51
51 56
56 51
51 51
51 51
51 51
56 10
51 39
56 54
51 54
51 10
56 10
51 10
51 39
56 54
54 54
10 54
39 39
54 54
10 39
54 10
39 54
10 54
54 39
10 10
39 54
10 54
39 20
10 35
54 20
10 20
39 20
39 20
20 20
35 35
20 20
35 20
35 35
35 35
35 35
20 20
35 90
35 27
35 3
35 90
35 27
35 27
35 27
20 3
35 3
90 27
90 3
90 3
90 27
27 3
3 27
3 90
3 3
90 27
27 27
27 3
27 90
90 6
90 93
27 89
27 22
27 93
3 93
27 93
27 93
90 6
90 89
90 89
90 22
6 93
6 89
22 6
93 22
22 22
89 22
93 93
89 89
89 6
89 89
6 89
93 93
22 93
89 93
89 22
93 22
89 50
22 31
89 13
22 67
93 26
89 67
93 13
6 26
89 26
22 13
22 31
6 26
93 13
89 67
93 26
13 26
26 67
50 50
26 26
31 50
50 67
67 50
26 67
26 67
50 67
31 26
67 31
67 13
50 31
13 67
26 26
50 31
26 13
67 13
50 67
99 686 53 25
53 18
53 18
53 18
18 18
18 18
18 18
18 18
18 47
18 61
18 59
18 20
18 59
18 59
18 47
18 61
18 59
18 47
18 47
18 61
20 20
20 47
59 61
20 20
20 20
59 47
47 47
20 59
61 59
47 47
47 61
20 61
47 47
61 47
20 61
47 20
20 90
61 97
20 26
47 90
47 90
47 97
59 97
61 90
59 97
97 90
97 26
90 26
97 90
26 26
26 97
97 97
90 26
26 90
97 26
90 97
90 26
97 79
97 48
97 48
97 79
90 48
97 48
79 48
79 48
79 79
48 79
79 79
79 48
48 48
48 48
48 95
79 58
79 45
48 88
79 95
48 88
79 45
79 45
79 58
79 45
48 88
48 45
95 45
58 58
88 45
45 88
58 95
95 88
58 88
58 95
58 45
45 45
88 95
88 58
58 88
88 88
88 58
95 95
95 5
95 73
88 3
88 99
88 75
58 73
58 73
95 73
58 99
88 3
58 75
45 75
95 73
95 5
45 3
99 75
5 75
3 99
5 5
75 5
75 75
73 75
75 5
5 99
5 3
99 5
3 3
73 73
5 75
75 75
75 73
99 73
73 75
73 75
5 75
99 41
75 41
73 41
41 41
41 41
41 41
41 41
41 89
41 49
41 49
41 89
41 89
41 49
49 49
89 49
89 49
49 49
89 89
49 49
49 89
49 49
89 51
49 25
49 35
89 51
49 51
89 25
49 51
49 25
49 35
25 25
35 35
25 25
35 35
51 51
35 51
35 51
51 25
51 35
25 25
25 51
35 35
51 91
25 24
25 66
35 71
51 34
25 40
25 96
25 96
25 40
25 24
25 40
51 40
35 96
51 66
25 24
51 66
51 34
51 71
35 96
51 40
25 96
96 71
40 71
91 71
96 66
24 24
96 24
24 91
34 96
71 71
24 40
24 96
71 91
34 91
66 24
66 91
40 34
71 96
71 71
40 24
91 40
40 34
96 96
66 71
71 24
34 40
91 34
91 96
34 34
24 54
96 9
24 54
40 54
91 9
71 54
9 9
9 9
9 54
54 9
9 9
9 54
54 9
9 54
54 7
54 39
54 10
9 15
54 86
9 86
54 15
54 39
9 10
54 10
54 15
54 15
54 15
54 15
9 7
10 39
10 15
10 7
7 86
10 10
39 15
10 86
15 86
86 39
7 15
39 15
39 39
15 10
7 39
15 10
7 7
39 86
7 39
15 7
7 7
15 4
15 68
10 68
15 4
86 68
7 4
68 4
4 68
4 4
4 68
68 68
68 4
4 68
68 4
68 46
68 69
68 80
4 46
4 69
4 46
4 80
68 69
68 46
46 80
46 69
69 69
46 80
46 46
46 69
46 46
69 69
46 46
46 80
80 69
80 46
46 77
46 32
80 77
80 77
46 32
46 77
77 77
77 77
77 32
32 32
77 77
77 77
32 77
32 77
32 11
77 16
77 38
32 36
32 1
32 16
32 38
32 1
32 1
32 11
32 36
77 36
77 16
32 11
77 16
38 1
1 36
38 38
36 38
16 36
38 1
1 1
16 16
11 1
36 1
16 16
36 36
11 16
1 1
36 11
11 16
16 1
11 11
36 16
38 11
1 87
16 84
38 37
16 87
38 87
11 87
1 87
1 37
11 87
37 84
87 87
37 84
37 37
84 84
37 37
87 37
87 37
84 84
37 84
37 37
37 84
84 33
84 64
87 42
84 31
87 27
87 31
37 27
87 42
84 42
84 64
84 33
37 42
87 33
84 33
87 42
64 64
64 33
27 42
64 33
31 27
33 33
64 27
27 27
33 33
42 33
27 27
31 64
64 33
64 31
31 42
27 33
42 31
64 27
64 27
31 42
31 63
42 12
64 21
64 23
31 43
31 43
27 63
27 43
27 63
42 43
33 12
33 23
33 43
33 63
64 23
23 23
63 43
43 43
63 43
12 21
23 21
63 21
21 23
23 21
12 23
21 12
63 63
21 23
12 63
23 21
12 43
21 21
21 63
21 12
21 21
21 98
43 67
23 44
23 67
12 44
63 44
43 67
12 98
12 44
44 67
98 98
98 44
98 67
98 98
98 98
67 98
44 67
98 98
67 67
44 98
44 67
44 6
44 22
44 74
44 6
67 22
44 22
98 74
67 74
98 22
74 22
6 22
74 6
74 6
6 6
6 74
74 74
74 22
22 22
22 74
22 74
6 6
22 72
74 8
6 94
74 8
6 94
22 72
74 8
22 8
6 8
94 72
72 8
8 72
72 94
8 94
8 8
8 72
8 94
8 72
72 8
72 72
94 8
94 14
72 17
8 55
94 14
72 55
8 14
94 14
8 17
8 55
17 55
17 17
55 17
17 14
14 14
17 55
14 17
14 17
17 17
55 14
14 55
17 55
17 13
17 50
17 93
14 2
55 60
55 57
17 56
14 70
55 2
17 2
17 60
14 70
55 56
55 13
17 70
14 2
55 2
14 60
55 93
14 50
17 60
17 70
14 50
55 56
57 2
13 2
13 93
2 60
93 56
56 56
50 13
93 2
2 13
56 93
50 60
70 2
57 60
93 93
56 93
56 56
50 70
93 2
2 2
56 57
60 60
2 56
93 57
70 50
60 13
2 2
2 57
13 13
2 93
60 70
93 60
57 57
13 83
57 78
57 19
93 82
13 92
50 82
93 82
13 92
56 19
56 82
60 78
2 19
93 82
50 92
70 19
92 19
19 19
92 83
82 19
19 83
78 19
19 19
78 19
82 82
83 19
19 92
83 78
82 82
19 92
78 19
82 92
82 19
19 83
92 92
92 92
92 52
83 29
82 62
92 29
19 52
92 29
82 52
78 52
82 62
29 62
52 29
52 52
52 29
62 29
62 29
52 62
52 62
62 29
29 52
29 52
62 52
52 65
29 76
62 28
52 28
52 65
52 28
52 65
29 28
62 28
65 65
65 28
65 28
28 65
65 65
28 28
28 76
28 76
65 76
76 28
76 76
28 28
65 85
76 85
65 85
85 85
85 85
85 85
85 85
85 30
85 81
85 30
85 81
85 81
85 30
81 30
81 81
81 81
30 30
30 81
81 30
30 81
30 81
99 686 66 18
66 19
66 98
66 91
66 95
66 95
66 98
66 95
66 19
66 91
66 91
66 19
66 98
19 19
19 91
95 95
98 91
91 98
19 19
19 98
98 98
19 91
95 91
19 95
95 95
98 95
95 98
98 95
91 19
19 48
95 25
19 82
95 41
95 50
95 50
98 82
91 48
91 82
98 48
95 50
98 41
91 25
19 82
98 41
25 82
82 48
48 41
25 48
82 48
50 41
25 82
41 82
48 25
41 41
50 48
48 48
50 41
25 41
50 50
82 50
48 48
41 82
82 25
50 25
82 97
25 17
50 32
25 32
25 17
82 17
50 17
41 97
48 32
32 17
32 97
97 17
97 97
97 17
32 17
97 97
97 97
97 97
32 17
17 97
17 32
32 16
32 16
97 16
16 16
16 16
16 16
16 16
16 40
16 20
16 20
16 20
16 20
16 40
20 20
20 20
40 20
40 40
20 40
40 20
20 40
20 40
20 2
40 2
40 2
2 2
2 2
2 2
2 2
2 14
2 63
2 75
2 14
2 14
2 75
2 75
2 14
2 63
63 63
14 14
63 14
14 14
75 63
75 63
14 75
14 14
14 63
63 63
75 14
75 14
63 90
63 85
14 78
63 52
75 11
75 90
75 11
75 78
75 90
63 78
75 52
63 78
63 11
63 11
75 85
85 85
90 78
85 85
85 85
78 90
78 52
85 78
52 52
78 85
52 52
11 78
85 78
52 11
52 90
78 90
85 85
52 11
11 78
78 78
78 11
90 34
52 6
52 22
78 34
11 6
78 6
90 22
11 6
78 34
22 22
22 34
6 34
22 34
34 22
6 34
22 22
34 22
6 22
6 22
22 22
22 34
6 93
22 29
6 44
6 68
22 31
22 33
6 80
22 33
22 33
6 93
6 80
34 29
6 93
22 93
22 68
34 33
6 44
22 33
6 44
34 33
34 93
29 68
31 44
80 93
68 44
68 93
31 29
33 33
93 80
80 44
44 68
68 80
44 33
29 80
29 93
80 33
33 31
80 93
44 31
33 29
80 93
93 44
33 29
29 68
31 80
80 93
29 80
44 33
93 68
80 28
29 67
68 88
93 4
93 70
33 88
33 4
93 4
93 28
33 70
44 28
44 88
68 70
44 4
93 70
67 4
67 4
28 88
28 70
70 88
88 88
4 67
28 67
67 88
28 67
70 28
70 67
67 28
70 67
4 70
88 28
70 67
70 70
88 28
70 88
28 27
28 10
70 23
70 10
67 23
70 10
4 27
88 10
70 27
10 27
27 27
10 27
27 10
10 27
27 10
23 10
27 27
27 27
23 27
23 23
23 27
27 81
23 81
27 81
81 81
81 81
81 81
81 81
81 35
81 39
81 99
81 99
81 35
81 39
81 39
81 35
81 99
39 35
39 35
99 99
35 35
35 39
99 39
99 99
99 99
39 39
35 35
35 35
35 39
99 46
39 9
39 9
39 9
35 46
35 9
46 46
46 9
46 9
9 9
9 9
9 46
9 9
9 46
46 83
9 60
9 76
9 53
46 15
46 13
46 71
46 72
9 15
46 53
46 83
46 71
46 15
46 72
46 76
9 76
9 83
46 71
46 71
9 72
9 13
46 13
9 76
9 71
60 72
83 53
71 60
72 53
53 83
83 60
53 13
76 83
71 13
53 13
60 13
13 71
83 60
15 53
83 15
53 53
13 13
53 71
53 60
53 53
72 76
72 53
13 15
13 15
60 83
15 76
15 60
72 15
83 15
15 71
83 60
13 15
13 96
15 3
53 5
71 5
72 96
76 3
72 5
76 5
71 96
3 3
5 96
5 3
5 5
3 96
5 3
3 5
5 5
3 96
96 5
3 5
5 96
3 54
3 77
96 8
5 36
3 87
5 12
5 8
96 12
3 77
3 36
96 77
3 87
96 77
96 36
3 87
96 36
96 12
96 77
54 36
87 12
36 36
77 77
8 87
77 77
77 12
36 87
77 54
36 77
12 8
87 77
77 36
87 36
87 36
77 77
12 77
36 54
12 77
8 36
36 36
87 77
12 12
54 54
77 89
77 89
77 89
89 89
89 89
89 89
89 89
89 58
89 58
89 58
58 58
58 58
58 58
58 58
58 79
58 69
58 79
58 79
58 79
58 79
69 69
69 69
69 79
69 69
79 69
69 79
69 79
79 79
69 38
79 49
69 1
79 43
69 49
69 38
79 1
69 43
69 1
69 1
79 49
69 43
49 38
43 49
1 1
49 43
38 43
43 49
38 38
1 38
1 49
1 38
49 49
1 1
49 49
49 1
43 1
43 1
1 59
43 92
43 30
1 73
38 92
43 73
1 73
49 73
43 59
1 73
49 92
1 30
92 92
92 59
59 30
30 73
92 73
30 92
59 30
73 73
73 59
92 73
92 30
73 59
30 92
30 59
92 59
30 30
59 62
59 24
30 74
92 57
59 86
73 74
59 57
92 24
73 62
92 57
92 57
73 74
73 86
59 74
30 62
74 57
24 24
74 86
24 57
57 86
86 86
62 57
24 86
57 74
86 74
74 86
24 86
86 74
57 86
24 24
24 74
86 62
86 86
74 57
24 62
62 45
86 21
86 51
57 21
62 21
86 45
86 51
57 51
86 21
21 21
51 45
45 45
45 21
21 21
21 51
21 51
45 51
21 51
21 21
51 21
51 51
21 94
51 26
51 42
45 94
21 94
21 26
45 94
45 42
45 26
42 26
26 26
94 42
94 42
42 94
42 26
26 26
26 94
42 26
26 26
26 94
26 94
26 37
94 7
42 84
26 61
94 56
94 56
94 7
26 37
26 7
26 56
42 56
94 56
26 37
94 7
94 61
84 7
56 61
37 61
84 84
56 84
56 84
84 56
7 56
37 61
84 7
56 37
84 37
61 7
61 84
7 56
37 56
37 56
7 37
61 56
61 84
7 65
84 64
61 18
56 55
7 55
84 55
37 18
84 65
7 65
84 64
37 65
37 18
64 64
65 65
55 65
64 65
55 18
55 55
55 65
65 64
55 18
65 65
65 64
18 18
55 64
55 64
64 65
65 65
65 47
65 47
18 47
47 47
47 47
47 47
47 47
99 686 40 13
40 62
40 1
40 48
40 14
40 32
40 1
40 1
40 62
40 62
40 1
40 48
40 48
40 32
40 32
40 1
14 1
48 14
32 1
32 62
48 1
62 14
48 48
14 32
14 62
14 14
1 62
48 48
14 32
1 62
32 48
14 14
62 32
1 14
62 48
48 1
48 61
62 92
48 61
48 92
32 61
62 61
61 61
61 61
61 92
61 61
92 92
92 61
61 92
92 61
92 90
61 59
92 55
92 68
92 10
61 12
92 55
61 59
61 10
92 10
61 12
92 59
61 12
61 68
61 59
61 55
61 68
92 68
59 90
59 55
12 59
55 90
10 10
59 55
68 10
59 10
12 59
59 68
10 59
68 12
55 90
59 10
90 59
90 59
68 12
90 90
59 55
55 90
90 10
68 55
90 10
12 55
59 46
59 75
59 38
90 75
55 75
59 75
55 75
12 38
90 46
75 46
75 46
75 38
38 46
38 38
75 46
38 75
75 75
75 38
75 75
46 38
38 46
46 42
75 82
75 83
46 27
46 27
46 27
75 42
38 82
38 42
75 83
46 82
46 42
42 83
83 42
42 82
27 42
42 27
82 42
27 83
83 82
82 27
83 42
42 27
82 42
27 42
83 83
82 82
82 83
82 89
82 89
83 89
89 89
89 89
89 89
89 89
89 58
89 31
89 99
89 76
89 34
89 31
89 99
89 34
89 76
89 76
89 58
89 58
89 34
89 31
89 31
31 34
58 34
76 99
34 76
34 99
76 99
99 34
58 34
76 76
76 58
99 58
58 76
58 34
31 58
58 31
34 58
58 58
34 99
99 99
76 76
76 20
58 36
31 44
31 20
99 20
31 20
99 44
31 36
76 36
36 44
44 44
44 36
36 44
44 20
44 44
44 20
20 36
36 36
44 36
44 36
44 44
20 72
36 88
44 39
20 91
44 43
36 72
36 91
20 43
44 39
36 88
20 91
36 88
44 39
20 43
20 72
88 91
91 88
72 72
39 72
88 88
43 72
39 72
72 39
39 43
72 91
43 43
39 43
91 39
88 72
72 43
72 91
39 88
43 72
91 88
88 39
91 60
39 53
91 30
43 77
43 69
39 51
72 77
72 30
72 53
91 30
72 51
72 60
91 53
88 53
91 77
39 77
88 30
91 51
53 51
30 69
30 60
30 69
53 69
69 69
77 53
30 60
60 77
51 53
60 69
77 53
51 60
53 69
69 60
30 77
51 69
51 53
51 51
77 30
30 60
69 69
77 53
51 69
77 8
60 4
30 78
53 4
69 78
53 78
60 4
53 8
51 4
8 78
4 78
4 8
8 4
4 8
78 4
4 4
4 4
78 8
8 78
78 4
8 4
8 52
4 52
78 52
52 52
52 52
52 52
52 52
52 85
52 57
52 5
52 57
52 57
52 57
52 85
52 57
52 5
5 57
5 5
5 5
5 5
85 5
85 57
85 57
57 5
57 85
85 57
5 85
57 85
85 29
5 56
85 19
5 28
5 19
57 28
57 56
85 19
5 29
85 29
5 56
5 28
28 56
56 19
28 29
56 19
19 28
56 29
19 29
19 28
28 56
28 56
56 56
28 29
19 28
56 19
29 28
29 28
28 45
29 45
56 45
45 45
45 45
45 45
45 45
45 17
45 16
45 16
45 16
45 17
45 16
17 16
17 17
16 17
16 17
17 17
16 16
17 17
16 17
16 49
16 18
16 98
17 3
17 18
17 18
17 98
17 3
17 98
16 18
16 98
16 98
3 18
49 49
49 98
98 98
49 3
18 3
98 3
3 18
18 98
98 49
18 49
98 3
49 3
98 98
3 18
3 98
98 2
49 11
49 21
98 25
18 11
98 21
18 25
3 2
49 11
18 2
3 2
3 11
21 25
25 11
25 21
25 2
21 25
25 11
21 11
2 21
2 21
2 2
11 21
2 21
21 25
11 25
11 25
25 21
11 23
11 94
2 95
21 24
21 23
2 94
2 23
11 95
25 94
2 94
21 94
11 95
23 95
23 24
23 95
24 95
94 95
24 95
95 94
23 24
95 24
95 95
94 23
95 24
94 24
24 23
24 23
23 95
23 37
94 9
24 26
94 26
23 26
95 37
94 26
94 37
23 9
26 26
9 26
37 9
37 37
9 26
9 37
9 9
9 37
26 26
37 9
37 26
26 37
9 70
37 65
26 67
37 71
26 65
26 70
9 67
26 65
9 65
37 65
37 65
37 71
71 67
67 65
70 67
71 67
65 67
71 70
67 67
71 67
65 65
70 70
65 71
67 71
71 65
67 71
71 65
70 70
67 79
71 97
71 15
71 6
65 97
70 79
71 15
71 79
70 97
65 79
67 79
71 15
97 97
97 79
15 6
15 6
97 79
97 6
79 15
79 79
15 15
97 79
79 97
15 15
6 6
97 97
97 97
6 6
79 54
97 81
79 84
79 86
15 54
97 81
6 84
97 81
6 84
79 54
6 84
15 81
81 54
84 54
86 84
54 81
86 84
81 84
84 54
86 84
84 81
84 84
81 81
86 86
54 86
86 81
54 86
81 54
54 80
81 80
54 80
80 80
80 80
80 80
80 80
80 13
80 63
80 87
80 33
80 87
80 87
80 13
80 63
80 33
80 33
80 13
80 87
33 33
33 87
33 63
63 13
13 87
63 63
33 13
63 33
87 87
33 13
13 13
63 13
33 13
13 63
13 87
33 13
13 96
63 74
13 74
13 74
63 74
63 96
74 74
74 74
74 96
74 74
74 74
74 74
96 96
96 96
74 73
96 66
96 64
74 73
96 73
74 66
96 66
96 66
74 64
73 73
73 66
64 73
64 73
64 64
66 66
64 66
64 64
73 64
64 73
66 66
66 73
73 35
73 93
66 41
66 47
64 47
73 41
73 35
66 93
64 47
66 47
64 41
66 47
41 47
41 93
47 93
47 35
93 47
93 93
93 41
93 47
93 41
93 35
47 41
41 41
35 41
93 47
93 35
47 47
93 7
93 50
93 22
47 50
41 22
41 22
35 7
93 50
93 50
50 22
22 22
50 22
7 22
50 50
7 7
22 22
50 50
50 22
50 22
7 7
7 50
99 686 44 14
44 94
44 2
44 94
44 94
44 2
44 94
2 2
94 94
94 94
2 2
94 2
94 94
94 2
94 2
94 90
2 8
94 90
94 90
94 90
2 8
90 90
90 90
90 90
90 90
8 8
8 90
90 8
8 8
8 48
90 50
8 14
90 27
90 37
8 14
8 50
90 48
8 27
8 50
8 14
90 48
90 14
8 50
90 27
27 50
37 50
50 37
27 48
37 48
48 48
48 27
37 48
27 48
50 50
48 14
27 50
37 27
48 48
27 14
37 27
14 37
50 37
27 14
14 48
48 67
14 47
14 1
50 86
14 67
14 1
27 86
27 67
48 47
14 86
37 86
50 67
86 67
47 47
1 67
1 67
67 67
67 47
1 1
86 1
67 47
67 47
67 67
86 86
47 47
67 86
1 1
1 67
1 60
47 35
47 39
86 18
1 60
47 39
1 35
1 39
86 39
86 39
67 60
67 35
35 35
60 39
39 39
60 39
39 60
60 35
18 60
60 60
60 35
60 35
39 39
39 18
18 18
18 39
60 39
18 39
60 70
18 98
35 58
35 58
18 58
39 98
35 98
18 70
18 98
58 58
98 58
58 98
98 70
58 58
98 70
98 70
98 58
98 58
58 70
70 70
70 98
58 64
98 3
58 99
58 64
70 3
70 3
58 99
70 99
98 99
3 3
3 64
3 64
99 64
99 99
99 64
64 99
99 3
99 64
64 99
3 99
3 64
99 95
64 20
64 11
3 20
3 20
3 20
3 11
64 95
99 20
11 20
20 20
20 11
95 20
11 95
95 95
11 95
20 95
95 95
20 20
20 20
20 11
95 19
11 92
11 6
20 19
95 19
95 6
20 19
11 19
11 92
19 19
92 92
92 6
92 92
92 92
92 19
19 92
19 6
6 19
92 6
6 92
19 92
19 51
6 4
19 21
92 21
92 51
19 51
19 4
92 4
92 21
4 51
4 4
4 51
4 51
4 4
51 21
4 51
51 21
51 21
4 21
51 51
4 4
21 65
51 69
51 88
21 91
4 91
4 88
4 88
21 69
4 88
4 69
21 91
4 69
69 69
91 65
69 65
91 65
88 65
69 88
69 65
88 91
88 88
69 91
91 88
91 88
65 88
91 88
88 88
65 91
91 83
65 25
91 25
88 83
88 83
91 83
83 83
83 83
25 83
83 25
25 25
25 25
25 25
25 25
25 45
25 36
83 59
83 36
83 36
25 59
83 59
83 45
83 59
59 59
59 36
59 36
45 45
36 45
45 36
59 45
45 59
59 36
45 59
36 36
45 45
36 30
59 43
59 33
45 54
59 30
45 30
36 33
36 43
36 43
45 43
59 33
59 43
43 30
43 30
54 33
30 33
54 30
43 30
43 33
43 33
43 33
54 30
33 30
30 30
43 30
54 30
54 54
30 30
54 34
33 28
30 12
43 74
54 12
30 28
54 34
54 74
54 34
33 12
54 74
30 74
74 34
34 34
12 28
74 12
28 74
74 34
28 12
34 74
74 34
74 12
28 28
74 34
34 12
12 12
12 12
12 28
34 5
34 78
74 97
12 89
28 5
28 89
28 78
34 97
12 78
74 78
74 5
34 78
78 5
78 97
5 5
5 78
78 5
78 5
97 97
89 5
5 5
97 97
5 97
97 78
89 97
97 97
5 5
89 89
89 31
89 31
5 31
31 31
31 31
31 31
31 31
31 52
31 72
31 77
31 9
31 52
31 9
31 9
31 9
31 9
31 9
31 9
31 52
9 52
9 72
77 9
72 9
77 9
77 9
52 52
9 72
52 77
52 77
52 9
9 72
72 9
52 77
77 9
72 52
77 80
72 22
72 7
9 93
52 80
52 80
77 22
77 93
77 7
77 7
52 80
77 80
93 93
7 7
22 22
80 22
7 93
7 7
93 22
7 7
22 22
93 7
93 7
93 80
7 22
93 93
80 93
93 7
7 85
7 40
93 55
7 13
7 56
93 55
22 13
80 56
80 13
80 40
7 40
80 55
93 85
80 40
93 55
40 40
56 40
13 13
56 55
56 56
40 85
55 85
13 40
13 13
40 85
55 55
56 55
56 13
40 55
13 56
13 85
56 85
13 85
13 40
85 85
85 81
55 81
85 81
81 81
81 81
81 81
81 81
81 10
81 73
81 66
81 10
81 73
81 66
81 66
81 10
81 10
73 66
10 73
73 66
73 10
73 66
73 66
73 10
10 66
66 73
73 10
66 66
66 66
66 49
66 79
10 84
10 84
66 49
73 79
10 49
73 84
10 84
49 79
84 79
79 49
49 79
79 84
84 49
84 49
79 84
49 79
84 84
84 49
79 49
79 57
84 75
79 61
84 76
84 61
49 75
84 57
49 75
49 57
49 61
49 61
79 61
61 57
75 76
75 76
61 76
57 61
76 57
76 57
57 57
61 76
75 61
61 61
57 57
76 75
57 61
61 75
75 75
57 32
61 82
61 96
61 23
75 17
61 32
57 82
57 96
75 96
61 96
57 32
57 96
57 82
57 17
57 32
17 23
23 23
82 32
23 23
23 82
82 96
96 17
32 17
32 17
82 96
32 96
82 17
96 82
82 23
96 17
23 17
96 96
82 32
17 17
32 96
82 53
96 87
32 24
96 24
32 53
17 87
96 53
96 53
96 87
87 24
87 87
87 87
53 87
53 87
24 87
24 53
53 24
87 87
53 24
24 24
53 24
24 29
87 15
53 29
87 29
24 15
53 29
15 15
15 29
15 15
15 15
15 29
29 15
15 29
29 29
29 42
15 68
29 62
29 26
15 38
15 68
29 68
29 62
15 68
15 62
29 26
15 26
29 38
29 26
29 38
26 26
26 68
68 42
26 26
38 38
62 62
26 62
42 38
62 68
38 68
38 62
38 26
26 42
38 26
62 68
62 38
38 62
62 38
42 38
62 38
62 46
68 16
42 63
62 41
62 71
62 16
42 71
62 71
42 41
42 16
38 63
38 41
26 46
26 46
68 16
71 16
16 41
46 63
41 63
16 46
71 46
63 41
16 63
46 63
71 71
46 16
46 16
46 46
46 63
71 46
41 16
41 63
63 71
71 63
41 41
99 686 59 25
59 83
59 63
59 85
59 63
59 83
59 83
59 83
59 63
59 83
83 63
85 83
85 85
63 63
83 63
83 63
83 63
83 85
85 63
85 85
63 85
83 83
85 41
63 3
63 6
83 51
83 51
63 3
85 3
83 3
85 6
83 41
85 51
83 6
51 41
41 41
3 41
3 51
51 6
41 6
51 51
51 51
6 6
41 3
51 3
3 6
6 41
51 6
3 41
51 3
51 7
51 8
51 75
6 14
6 32
41 8
6 32
3 32
6 8
41 14
41 14
3 8
6 14
6 75
51 7
75 32
7 32
7 14
14 8
32 75
32 7
8 8
32 14
14 7
8 8
32 32
32 14
8 32
8 7
75 75
32 75
75 75
7 32
7 14
7 14
8 5
7 90
75 84
14 81
14 84
75 81
32 81
32 5
8 5
32 5
14 84
8 90
81 81
84 90
81 90
90 81
81 81
84 84
81 5
5 84
84 84
90 81
81 90
90 81
81 90
90 90
81 81
90 90
81 31
90 10
84 20
90 10
90 10
90 20
90 31
81 20
90 31
10 10
20 31
31 20
20 10
20 20
20 20
20 20
20 31
31 10
31 20
20 20
20 20
20 79
20 44
20 79
10 79
10 79
10 79
79 79
79 79
79 79
79 44
44 44
44 79
79 44
44 79
79 74
79 99
79 71
79 71
79 99
44 74
44 74
44 71
79 71
71 71
99 71
71 99
99 71
99 99
74 74
99 74
74 71
74 71
99 74
71 99
99 74
74 22
74 86
74 82
99 24
71 58
71 22
99 22
74 22
99 82
99 58
74 22
99 86
71 22
71 22
99 86
82 24
58 86
22 58
22 58
58 82
86 22
86 86
58 58
24 86
24 82
58 82
86 24
82 82
22 24
86 58
86 22
58 86
24 22
86 86
58 58
58 65
58 55
22 33
22 93
24 33
22 93
86 55
24 65
86 55
22 55
58 55
58 65
65 55
55 55
33 55
33 65
93 33
55 33
33 33
33 65
93 55
55 93
55 93
65 65
65 93
33 33
65 93
93 55
93 40
93 23
65 52
93 12
33 12
33 52
55 12
65 40
93 40
93 12
93 40
93 52
23 12
23 52
40 40
40 40
12 40
52 23
40 52
40 12
23 40
40 23
23 23
52 23
40 23
52 52
12 40
23 52
23 96
40 92
23 11
12 30
23 11
12 11
52 11
12 92
52 96
52 30
52 30
23 96
30 11
30 92
11 92
30 30
96 96
96 92
96 96
92 30
11 96
96 11
96 96
92 96
11 11
30 96
96 11
30 30
92 26
11 26
92 26
26 26
26 26
26 26
26 26
26 57
26 19
26 80
26 57
26 80
26 57
26 19
26 19
26 19
19 80
80 57
57 19
80 80
19 19
19 19
80 19
19 19
57 19
19 57
80 57
19 57
80 28
57 25
57 35
19 25
19 25
57 28
80 35
19 25
57 28
25 28
35 28
35 25
28 25
28 35
25 25
28 28
25 35
28 28
35 28
25 25
35 25
28 38
25 54
25 50
28 54
35 38
28 38
25 54
25 50
25 54
54 50
54 50
50 38
54 38
50 38
38 38
38 38
50 50
50 38
50 38
50 54
54 50
54 18
50 95
50 95
38 18
38 18
38 18
18 95
18 95
18 18
95 18
18 95
95 95
95 95
95 18
18 87
18 27
95 98
95 47
18 17
95 87
18 98
18 47
18 87
18 27
95 47
18 27
18 27
95 98
95 47
27 27
17 47
98 98
47 27
87 27
47 27
27 87
17 17
98 87
27 47
87 17
17 17
98 98
27 98
47 27
98 27
87 87
17 87
27 47
87 27
27 56
27 1
47 1
87 56
17 56
47 1
1 1
56 1
1 1
56 56
56 56
1 1
1 1
56 56
56 15
1 49
56 97
56 48
56 49
1 97
56 97
56 97
56 15
56 49
56 15
56 49
97 48
49 97
97 48
48 48
97 97
48 49
97 15
49 15
97 15
97 15
97 48
49 48
15 49
97 48
15 49
49 49
15 67
48 4
49 9
49 89
97 60
15 9
49 9
49 60
49 9
49 9
15 89
15 9
15 67
49 89
97 67
89 60
4 4
60 9
4 9
9 9
4 60
60 60
4 60
9 89
9 60
9 60
67 67
4 4
9 89
4 9
4 60
89 67
67 4
89 4
4 4
60 91
9 76
60 13
4 13
60 13
60 13
67 76
89 13
4 13
76 76
13 13
76 91
76 13
76 13
13 13
91 76
91 13
13 13
76 13
91 13
91 76
91 39
76 70
91 21
13 21
13 21
76 70
76 39
91 70
91 39
39 21
39 70
70 70
39 21
21 70
39 39
70 21
70 39
39 70
70 39
21 70
39 21
70 2
39 73
39 2
39 2
39 73
70 73
73 73
73 73
2 2
73 73
2 2
73 2
73 73
2 2
2 53
2 88
2 94
2 62
2 53
2 62
2 88
2 53
73 88
73 94
73 94
73 94
88 94
53 53
62 88
88 62
62 53
62 88
53 53
88 88
88 53
88 88
62 62
88 62
94 62
94 94
53 62
94 62
94 46
94 16
62 46
88 46
94 16
88 46
16 16
16 46
16 16
16 46
46 46
46 16
46 16
46 16
46 37
46 34
16 66
16 37
46 37
16 66
16 34
46 66
46 37
34 66
34 37
34 34
37 34
37 34
66 37
34 66
66 34
34 37
66 34
66 34
37 37
37 43
66 69
66 68
37 42
34 61
34 64
34 36
66 42
34 43
66 69
37 64
37 68
37 36
34 61
37 61
34 64
66 36
34 69
37 64
34 64
34 69
36 68
36 42
43 64
61 68
43 61
42 43
36 64
68 42
69 42
42 42
64 69
69 61
42 69
42 61
69 36
36 43
69 36
42 61
43 36
43 36
61 36
64 64
68 42
69 64
61 36
61 36
69 36
61 43
64 78
61 45
43 29
43 29
68 78
68 45
64 29
69 78
68 29
45 78
45 78
45 45
78 78
78 29
45 29
45 45
29 29
78 78
29 29
78 78
78 78
29 72
45 77
29 72
78 72
29 72
45 77
72 77
77 77
72 72
72 72
72 72
77 72
72 77
72 72
