25
1 0
2 0
100 0
2 1
1 2
3 1
1 3
3 2
3 2
2 1
100 99
2 1
3 2
4 3
5 4
6 5
7 6
8 7
9 8
10 9
11 10
12 11
13 12
14 13
15 14
16 15
17 16
18 17
19 18
20 19
21 20
22 21
23 22
24 23
25 24
26 25
27 26
28 27
29 28
30 29
31 30
32 31
33 32
34 33
35 34
36 35
37 36
38 37
39 38
40 39
41 40
42 41
43 42
44 43
45 44
46 45
47 46
48 47
49 48
50 49
51 50
52 51
53 52
54 53
55 54
56 55
57 56
58 57
59 58
60 59
61 60
62 61
63 62
64 63
65 64
66 65
67 66
68 67
69 68
70 69
71 70
72 71
73 72
74 73
75 74
76 75
77 76
78 77
79 78
80 79
81 80
82 81
83 82
84 83
85 84
86 85
87 86
88 87
89 88
90 89
91 90
92 91
93 92
94 93
95 94
96 95
97 96
98 97
99 98
100 99
3 2
3 2
3 1
5 4
1 2
1 5
2 4
2 3
100 99
1 2
2 4
3 6
4 8
5 10
6 12
7 14
8 16
9 18
10 20
11 22
12 24
13 26
14 28
15 30
16 32
17 34
18 36
19 38
20 40
21 42
22 44
23 46
24 48
25 50
26 52
27 54
28 56
29 58
30 60
31 62
32 64
33 66
34 68
35 70
36 72
37 74
38 76
39 78
40 80
41 82
42 84
43 86
44 88
45 90
46 92
47 94
48 96
49 98
50 100
1 3
2 5
3 7
4 9
5 11
6 13
7 15
8 17
9 19
10 21
11 23
12 25
13 27
14 29
15 31
16 33
17 35
18 37
19 39
20 41
21 43
22 45
23 47
24 49
25 51
26 53
27 55
28 57
29 59
30 61
31 63
32 65
33 67
34 69
35 71
36 73
37 75
38 77
39 79
40 81
41 83
42 85
43 87
44 89
45 91
46 93
47 95
48 97
49 99
2 2
1 2
2 1
3 3
1 2
2 3
3 2
3 3
1 2
2 3
3 1
8 7
1 8
1 3
4 2
4 8
5 7
6 7
7 2
10 8
9 5
9 6
5 4
5 7
6 2
4 8
3 1
8 7
6 10
2 5
2 6
2 4
2 3
6 5
6 1
6 3
4 5
4 3
3 5
8 9
2 3
2 7
2 6
5 4
5 3
4 6
4 1
8 3
1 3
10 16
1 7
1 4
1 2
1 9
3 7
3 8
3 5
2 6
2 8
2 7
4 7
4 5
10 6
10 5
5 8
8 7
10 27
7 1
7 9
7 5
7 3
7 6
7 4
5 8
5 10
5 4
5 9
5 3
10 2
10 8
10 6
10 9
3 8
3 1
3 6
3 2
2 1
2 6
2 4
6 1
6 4
9 4
9 8
8 1
8 9
7 6
6 8
8 4
4 3
3 5
5 2
2 7
7 3
6 5
10 18
3 7
7 10
10 8
8 4
4 5
5 1
1 6
6 9
9 3
3 4
3 8
3 1
7 8
7 2
10 9
10 2
8 6
4 6
10 28
5 3
3 8
8 6
6 2
2 10
10 7
7 1
1 4
4 5
5 9
5 10
5 2
5 7
5 8
3 10
3 9
3 2
3 6
8 4
8 9
8 10
6 9
6 10
6 7
2 1
2 4
10 1
7 9
8 8
1 2
2 6
3 4
4 3
5 8
6 5
7 8
8 7
10 20
1 7
1 5
2 5
2 9
3 8
3 9
4 6
4 1
5 9
5 10
6 8
6 9
7 6
7 8
8 1
8 9
9 3
9 2
10 8
10 4
10 30
1 5
1 7
1 10
2 4
2 9
2 8
3 1
3 6
3 9
4 8
4 9
4 10
5 2
5 1
5 4
6 3
6 10
6 4
7 10
7 4
7 9
8 10
8 4
8 9
9 4
9 6
9 8
10 7
10 6
10 3
