22
1
1
1
2
2
1 3
2
2 3
2
2 4
2
3 4
3
2 4 5
3
10 2 7
6
2 3 2 5 4 5
7
1 6 3 1 2 3 9
1000
44 62 67 47 82 98 47 7 56 57 51 73 72 73 69 84 10 69 23 42 26 51 42 60 26 2 98 33 13 97 58 65 97 25 51 59 24 75 18 81 21 62 1 69 79 36 24 85 54 39 25 17 56 35 42 52 28 36 38 9 13 2 2 8 78 51 14 39 14 37 41 73 86 8 90 24 22 45 95 86 12 39 66 22 65 50 49 72 42 37 32 30 42 96 65 64 8 43 63 50 63 28 53 40 85 23 41 44 26 24 92 83 53 21 3 11 35 26 98 13 9 54 74 67 56 72 42 47 81 18 47 44 55 99 8 88 89 72 87 46 83 25 46 6 2 31 81 94 13 94 39 18 58 12 34 94 32 97 93 17 84 58 41 72 60 70 17 58 2 37 65 77 6 44 24 78 92 32 86 60 2 26 72 9 62 60 43 55 31 71 59 55 27 44 30 67 48 46 92 99 52 84 72 98 81 14 77 54 55 87 60 74 34 15 85 70 97 79 72 57 75 90 89 73 5 83 65 30 26 91 75 61 64 74 93 8 10 99 45 39 50 92 61 55 66 14 83 46 79 55 83 59 98 81 91 3 66 44 38 92 46 32 62 93 61 52 39 11 15 25 10 68 96 87 26 3 10 62 49 70 75 66 86 70 78 81 76 48 34 53 17 41 69 89 73 52 44 71 71 59 84 50 55 13 1 23 4 70 24 61 46 69 18 24 64 25 91 39 43 89 93 91 51 41 69 42 83 31 76 30 19 38 26 69 76 64 8 54 9 45 4 25 42 26 35 47 76 49 57 94 14 49 3 34 70 38 40 18 39 87 88 11 72 94 20 2 17 66 68 47 99 8 45 92 15 85 9 80 92 37 96 96 70 57 52 97 39 56 51 38 32 40 40 18 72 6 68 25 61 99 35 27 18 63 94 47 21 40 1 48 20 80 98 62 57 35 76 60 41 97 37 79 64 29 75 71 13 49 26 85 12 40 59 49 18 93 92 91 40 79 41 49 31 33 86 35 86 28 58 88 93 44 93 26 38 12 85 6 96 15 54 74 36 68 22 27 86 84 89 38 94 3 62 32 64 52 85 73 59 35 54 15 69 22 3 82 68 11 63 31 66 56 12 35 65 4 95 77 91 83 15 80 59 52 59 4 52 39 49 5 28 43 24 28 46 38 50 64 38 54 58 28 75 36 47 88 67 91 46 5 10 16 56 73 8 44 18 75 36 39 54 87 76 19 26 49 51 2 18 9 38 53 92 35 58 11 75 15 95 50 93 72 23 53 19 69 82 43 42 45 72 94 11 39 24 71 14 17 49 58 55 98 77 51 93 44 5 22 42 20 55 12 96 76 60 85 70 88 80 53 70 49 57 9 97 46 8 5 57 26 45 63 16 12 48 80 30 36 74 68 57 33 79 54 6 66 79 62 16 67 29 74 27 22 92 91 5 1 5 35 14 52 67 98 93 44 41 63 61 29 24 19 77 8 40 23 77 14 76 77 45 97 20 56 3 32 66 81 42 50 55 75 53 23 37 21 25 36 39 27 61 33 24 53 47 81 60 92 93 49 90 94 76 18 37 96 59 54 96 21 55 25 7 86 65 10 46 72 7 74 53 55 48 18 63 6 61 59 65 4 34 10 47 94 76 10 32 27 76 33 40 50 10 27 45 69 82 65 77 16 50 88 30 40 25 93 81 72 69 39 52 71 67 93 99 77 52 32 76 41 37 21 2 1 54 78 88 84 7 60 43 84 94 19 60 63 85 13 29 62 86 1 82 66 98 27 76 57 96 20 90 37 42 71 11 48 2 45 99 91 31 9 4 72 52 65 16 85 74 93 96 28 79 46 28 12 15 97 26 22 18 58 26 9 74 8 83 54 96 29 38 20 93 29 1 93 36 27 8 19 47 15 83 16 74 74 16 86 7 88 49 9 46 52 85 39 60 28 17 96 79 95 20 84 89 94 43 14 37 61 98 98 15 18 47 40 92 64 56 95 78 23 58 99 59 33 16 55 5 7 90 38 56 57 22 34 97 41 70 99 84 96 17 67 33 57 34 33 85 7 15 50 94 95 25 73 62 9 37 75 43 49 83 44 9 14 25 13 7 71 29 49 34 77 1 3 43 75 17 22 70 32 35 44 17 1 9 25 94 41 47 22 77 63 50 61 23 94 79 68 89 89 85 62 51 65 6 14 74 12 58 95 14 29 42 57 82 80 78 83 30 38 98 65 78 49 51 9 24 10 30 87 85 27 64 59 72 21 16 84
1500
40 51 92 92 14 86 39 12 27 99 16 81 55 54 17 29 57 65 68 12 56 92 71 60 20 7 46 96 87 40 22 90 23 46 72 90 29 47 54 3 72 91 81 32 68 57 26 41 88 41 77 2 20 94 53 45 2 13 70 12 37 33 21 74 5 59 94 29 54 15 26 15 2 53 37 23 19 41 26 37 96 25 41 18 88 60 59 85 14 41 7 7 27 42 40 25 45 77 16 89 58 68 88 43 21 16 52 92 66 35 32 61 74 16 62 69 35 29 94 36 27 87 59 34 27 54 77 13 53 76 51 80 34 68 66 59 59 63 7 37 61 15 86 71 73 6 62 52 36 78 40 35 61 16 52 51 86 62 21 80 92 81 22 16 73 24 47 72 87 66 98 64 58 58 72 25 95 22 38 61 63 83 58 2 79 16 71 53 82 95 58 63 42 65 49 71 84 59 70 23 47 38 15 87 67 67 28 67 70 61 3 6 81 78 46 12 68 76 50 94 72 84 11 10 3 80 98 97 26 17 12 43 44 60 48 22 15 73 95 54 24 30 26 76 78 18 35 74 67 23 63 84 35 43 3 48 31 39 83 45 38 76 96 97 21 18 24 22 5 83 58 29 43 73 3 77 84 27 9 30 2 2 25 8 68 79 23 13 97 8 73 81 54 82 14 17 27 86 44 92 29 5 66 2 48 32 64 76 50 51 50 31 58 30 29 67 85 70 36 2 83 97 41 82 76 53 49 93 7 75 30 22 14 96 68 44 50 11 84 74 43 11 80 99 81 5 33 75 87 85 51 10 94 94 41 17 94 40 12 19 51 18 76 78 67 74 42 2 29 13 1 83 31 8 59 5 77 85 32 26 9 21 77 80 29 53 52 70 65 87 84 29 77 56 59 90 56 14 94 57 69 67 77 7 30 8 63 62 83 86 52 89 57 43 85 78 78 78 30 90 85 4 13 98 78 90 21 28 34 52 54 57 39 92 43 1 40 79 85 80 80 69 89 99 58 55 3 59 66 60 82 49 68 8 87 34 46 68 74 99 33 21 64 91 10 58 36 97 58 52 76 81 11 36 30 98 31 36 27 70 76 91 43 66 94 80 17 83 12 89 53 96 23 40 96 63 3 13 75 45 56 83 36 12 71 59 21 40 53 6 39 69 58 66 40 80 62 61 32 40 12 14 77 73 45 4 15 80 46 38 10 7 96 90 88 59 68 66 75 72 51 53 24 14 85 89 11 36 34 80 55 36 67 66 40 51 95 79 84 84 81 54 68 66 60 6 61 12 19 36 43 15 1 25 91 59 8 57 67 68 90 57 36 51 55 30 76 76 60 88 54 77 96 86 21 70 64 67 85 10 73 89 38 3 52 93 6 51 87 66 78 95 66 90 65 52 50 35 35 26 59 11 51 7 78 41 10 29 37 47 92 57 94 77 67 36 52 47 49 42 98 69 49 71 90 11 82 88 10 34 85 75 18 66 62 62 38 24 10 25 83 36 27 44 94 5 38 83 61 49 87 41 91 85 61 77 9 39 21 13 3 60 85 44 22 79 21 6 22 17 6 28 27 93 32 63 45 61 34 25 90 23 57 4 84 22 8 29 2 11 10 84 92 20 95 81 43 66 56 1 83 40 66 5 1 48 79 67 17 97 9 94 62 39 58 31 75 97 62 77 19 72 58 71 80 18 82 99 6 61 72 97 17 44 61 23 53 73 8 45 56 22 71 27 21 81 33 75 74 98 58 78 75 29 70 39 1 73 64 48 72 12 26 38 12 61 64 52 7 82 22 71 46 82 56 58 77 80 16 18 28 89 97 49 12 15 34 26 26 62 49 32 1 68 90 95 77 48 56 70 61 65 28 93 60 96 15 36 89 1 45 28 81 46 56 70 79 6 65 84 61 7 22 13 23 34 33 88 27 39 5 6 67 86 3 66 47 88 96 33 25 24 38 88 93 74 75 26 61 72 48 93 3 35 16 97 33 6 33 34 77 85 60 95 37 50 39 95 64 36 44 9 12 94 38 24 72 10 55 99 22 66 85 19 40 27 88 75 54 53 21 18 97 85 67 22 90 75 25 24 18 17 25 82 44 54 11 3 73 40 31 55 56 84 56 37 78 17 17 82 6 37 61 84 17 21 13 48 13 66 40 78 7 80 69 54 25 89 74 73 64 72 17 27 9 34 46 77 48 58 52 80 92 70 30 86 36 42 35 71 74 90 25 41 5 32 97 60 96 79 61 45 64 1 52 94 39 24 58 62 62 43 6 60 39 16 75 42 80 31 91 47 1 42 86 85 52 74 86 6 59 17 15 35 39 95 68 38 28 31 24 37 81 12 19 88 83 24 71 92 75 81 10 12 54 60 97 73 10 80 79 52 82 29 48 29 60 64 51 69 99 83 25 16 7 9 42 29 43 49 30 16 40 16 22 9 69 11 48 20 16 32 65 61 8 52 58 69 94 38 48 9 47 11 55 65 86 5 85 69 18 94 55 53 45 74 66 4 70 27 70 94 91 86 82 56 15 11 73 41 20 66 71 54 38 75 72 81 83 9 70 53 33 40 73 19 22 12 6 8 9 7 69 80 68 85 6 94 27 49 74 66 4 3 40 70 71 60 34 80 61 71 16 67 59 66 11 88 78 35 60 55 75 23 53 39 82 36 13 17 16 25 38 86 3 20 49 31 45 95 23 81 31 76 72 56 95 97 59 96 19 65 49 24 25 18 53 32 56 70 30 30 63 84 38 59 80 10 76 7 66 34 58 97 4 41 71 44 14 31 79 13 15 29 64 73 55 77 42 67 26 11 50 47 33 32 56 83 10 86 45 78 75 85 54 97 61 21 94 71 70 3 80 3 89 59 30 2 26 11 76 14 19 28 2 51 38 35 21 50 33 89 60 57 25 99 55 11 59 63 35 48 70 8 69 45 24 17 24 39 33 51 6 18 12 6 1 55 52 17 95 20 48 36 81 61 58 81 99 92 71 47 40 13 35 49 44 15 57 58 1 42 14 10 41 13 62 95 64 72 97 77 89 9 91 19 42 61 21 20 92 8 23 72 3 18 46 51 23 89 54 92 78 26 28 30 42 70 83 8 84 13 22 8 11 33 65 7 22 94 75 28 43 17 56 49 11 63 73 23 51 6 5 99 28 66 84 33 96 29 23 49 96 60 69 85 18 4 88 58 39 61 16 35 30 70 60 48 29 37 12 9 50 15 1 95 64 6 57 99 7 39 53 38 13 3 77 37 6 26 53 58 37 20 10 52 41 12 24 55 77 52 63 28 92 16 95 43 88 20 66 35 52 45 83 69 1 4 10 99 91 24 74 51 4 99 18 97 73 59 19 7 36 41 34 61 60 55 5 6 46 81 34 94 87 59 5 48 91 56
2000
4 69 9 47 6 52 2 63 8 11 56 76 14 14 61 12 69 13 15 95 87 71 37 27 71 81 71 76 96 41 72 8 59 40 8 25 15 77 31 80 90 44 93 53 18 48 52 65 95 53 94 9 38 82 45 71 63 53 20 1 35 15 62 58 70 6 3 40 73 5 19 16 51 6 70 2 67 92 8 92 65 44 31 21 51 38 46 63 20 87 3 87 65 27 37 12 60 87 75 81 20 91 67 53 90 30 75 69 59 83 29 35 15 25 49 96 14 39 84 59 70 55 91 70 25 30 69 92 60 5 52 32 80 44 38 26 3 62 31 3 4 27 89 31 13 30 51 71 52 84 51 94 16 90 22 65 61 71 86 42 50 17 18 47 54 52 14 13 77 40 68 38 5 5 50 78 59 85 78 62 97 34 9 5 38 8 86 40 71 23 9 30 5 60 3 71 25 42 41 7 81 50 2 71 20 26 70 83 89 2 75 25 96 22 67 14 86 9 25 19 74 90 26 95 52 31 54 35 56 55 49 19 63 80 54 24 89 57 80 13 39 5 7 20 62 7 37 37 56 2 3 85 77 47 82 82 88 73 42 78 51 77 21 40 21 14 82 18 64 16 43 88 96 70 33 76 71 73 14 29 52 90 36 81 68 65 77 46 33 89 64 7 71 5 43 76 80 12 93 76 32 57 88 42 64 96 82 21 76 32 18 8 52 17 71 93 95 18 39 46 5 74 87 48 82 85 61 58 87 90 8 24 3 49 30 51 4 59 88 1 74 81 54 59 34 23 56 22 79 71 58 85 31 63 23 53 90 50 95 97 40 49 85 42 40 63 40 79 63 2 22 75 63 76 81 80 36 94 59 55 43 60 38 77 29 26 28 11 28 95 17 49 7 90 28 69 83 3 24 72 5 68 51 82 26 6 7 10 79 24 24 70 88 43 64 71 20 43 7 87 88 56 97 23 47 10 69 4 29 36 44 46 86 80 49 33 17 68 63 7 66 88 86 53 16 25 29 16 20 45 5 56 82 72 22 98 85 92 37 4 78 36 78 24 63 72 53 44 63 65 89 67 50 99 47 91 76 18 11 5 67 36 60 6 3 43 85 60 47 97 52 54 87 29 67 99 88 8 66 96 59 83 8 40 80 65 10 24 40 69 49 88 16 30 2 91 54 89 89 86 80 72 7 56 5 48 25 95 29 42 32 14 27 59 53 84 95 94 82 25 39 53 38 20 33 14 32 42 21 88 84 83 19 85 96 41 92 21 26 16 73 67 13 26 51 25 68 49 38 90 89 39 72 72 11 32 60 24 67 49 76 18 23 40 34 55 98 32 20 83 14 82 18 97 23 55 50 86 90 13 78 78 47 91 30 2 11 52 79 45 25 31 11 85 45 30 52 35 80 78 73 53 81 35 58 56 90 19 11 4 55 85 18 9 63 11 7 57 49 47 23 47 12 78 6 70 47 40 48 13 32 69 8 17 42 72 68 57 27 15 2 88 75 1 97 52 16 48 12 20 35 62 20 92 50 76 54 33 61 18 6 70 45 76 88 36 13 29 29 42 31 80 25 88 47 8 27 97 85 50 41 76 2 43 82 50 16 44 64 44 51 55 49 93 54 59 62 39 56 6 65 21 36 61 6 66 66 32 42 71 58 38 67 76 67 6 91 3 64 69 37 5 10 70 35 96 86 7 34 18 31 89 13 79 47 99 89 57 11 49 2 6 52 32 99 35 16 38 8 57 6 34 4 82 70 91 23 41 4 91 21 94 19 76 11 81 46 36 59 38 45 40 67 71 66 93 68 46 46 8 4 69 89 92 80 31 68 84 15 20 1 20 73 89 84 95 57 44 93 45 26 10 68 16 69 80 93 97 8 22 76 20 10 62 78 27 98 32 67 37 8 56 85 18 75 83 74 63 26 47 51 67 67 71 95 15 8 48 94 4 70 60 11 66 30 27 94 63 92 16 63 46 28 7 95 29 64 33 32 67 47 93 42 89 18 80 45 83 76 55 87 90 51 50 15 74 10 32 46 77 77 52 33 67 30 57 19 7 78 28 31 31 3 82 75 34 7 13 48 92 71 66 69 66 65 39 72 82 73 81 60 72 84 15 25 98 98 76 4 48 49 26 14 4 92 11 69 91 84 51 55 69 72 68 20 3 37 33 62 52 45 42 92 13 90 52 87 39 85 39 85 64 52 34 94 74 93 58 87 33 69 2 31 91 18 43 73 40 61 77 47 14 78 67 79 44 3 41 69 66 74 14 77 76 37 38 86 14 14 50 70 99 63 77 51 21 26 51 20 89 22 87 74 73 35 77 91 25 8 95 93 71 43 28 58 15 11 69 21 89 79 31 86 42 71 54 70 99 14 4 41 40 30 4 24 28 68 37 97 58 47 95 55 71 79 98 41 67 26 10 86 91 1 21 87 38 67 86 55 15 36 41 36 50 59 8 12 37 3 27 19 73 4 46 82 29 69 94 25 45 6 77 92 75 3 55 67 17 93 61 81 27 60 62 79 58 56 61 66 32 42 66 94 30 50 61 10 42 98 87 56 17 75 54 63 76 82 78 88 74 17 57 12 26 6 47 39 94 74 87 59 27 73 60 83 24 67 65 51 49 74 43 55 22 68 82 5 96 19 85 25 9 21 6 27 56 43 91 43 77 78 97 50 77 41 37 1 88 92 80 15 4 14 47 7 80 90 67 85 39 60 3 46 85 18 65 63 9 8 81 82 10 80 50 5 56 27 77 76 69 58 29 10 47 76 86 41 97 22 4 14 25 66 13 87 33 78 28 58 52 45 95 65 52 53 47 23 71 18 86 27 92 73 59 2 79 43 1 12 25 92 30 43 95 6 15 21 72 78 70 25 46 52 65 2 6 78 93 6 9 30 75 13 84 86 19 14 86 69 23 6 52 69 58 67 74 50 14 50 99 54 27 87 32 77 78 60 48 95 73 44 74 19 26 19 90 21 35 58 99 50 35 86 68 19 42 67 16 21 87 62 71 66 21 84 18 69 97 21 61 26 23 6 89 17 38 94 3 22 93 16 41 57 71 71 36 46 8 11 8 8 3 89 35 38 3 16 60 77 36 29 28 53 53 34 93 57 91 51 82 38 3 6 23 85 43 88 18 89 25 97 48 83 60 14 36 98 88 86 9 31 70 14 13 98 94 68 69 84 22 7 77 97 28 5 33 49 5 23 93 28 28 41 3 39 52 24 56 29 43 37 28 66 90 7 86 98 23 83 70 4 23 83 88 70 80 39 91 57 7 27 38 8 26 84 42 33 38 77 31 24 9 63 94 53 74 73 82 81 26 14 47 2 3 64 71 54 13 52 37 40 66 6 65 54 62 54 31 56 34 79 69 51 32 16 37 50 3 42 85 70 21 59 39 33 86 31 67 27 34 64 49 26 86 67 34 94 71 65 87 50 4 93 25 7 98 25 43 59 30 94 64 27 43 10 10 13 10 42 15 90 88 44 80 51 31 45 11 80 92 19 85 82 50 59 18 88 42 77 87 62 44 77 46 38 7 82 50 9 43 69 57 5 15 84 67 81 71 93 25 41 21 58 45 95 3 44 44 87 54 94 17 29 64 93 79 68 69 14 11 35 37 57 37 26 82 62 84 59 44 38 21 53 32 86 91 42 70 74 39 16 80 73 55 9 12 63 76 97 75 17 8 75 39 66 43 82 18 72 59 23 23 65 70 99 38 81 99 97 50 34 25 84 37 35 98 16 59 29 83 31 48 96 6 56 39 37 97 97 49 94 33 23 8 30 10 31 16 30 8 94 25 83 59 12 81 53 60 32 77 32 38 21 85 51 19 49 9 68 29 42 29 39 54 62 12 65 86 62 46 49 3 79 77 83 48 62 35 43 62 53 60 31 81 5 18 13 36 69 3 61 96 93 22 53 38 78 69 96 18 74 36 24 18 85 76 81 28 38 32 18 18 44 48 58 23 9 56 33 2 32 62 53 79 50 65 71 70 30 64 84 2 96 41 16 28 30 92 13 16 78 96 45 42 26 31 56 94 58 16 70 15 47 52 91 8 81 73 41 27 62 50 1 10 42 94 72 2 97 2 85 49 62 54 25 63 49 64 54 1 27 52 55 44 41 90 39 23 36 29 52 99 11 40 33 88 76 31 49 60 72 22 45 37 71 93 22 5 6 15 54 72 8 2 88 36 34 15 55 9 7 46 93 93 23 32 93 74 47 56 67 9 26 52 54 84 95 43 97 26 93 14 9 54 88 50 28 53 27 56 20 84 10 47 70 63 28 9 24 91 92 12 31 95 11 72 95 26 18 49 80 36 46 79 38 38 6 61 36 1 96 1 95 48 48 32 65 13 90 31 59 84 27 59 3 11 31 80 35 90 62 99 38 94 40 94 43 65 54 41 89 57 61 34 20 32 54 16 33 84 97 85 72 98 3 13 66 15 42 52 43 70 80 29 3 25 69 12 86 32 32 91 90 79 49 98 77 2 65 74 38 11 17 34 47 16 81 1 83 40
2000
70 59 23 64 65 52 16 97 61 91 31 75 28 8 28 45 92 35 88 42 45 19 43 32 62 35 96 93 37 66 60 53 26 92 23 15 49 15 59 85 24 47 4 88 54 19 80 39 13 22 73 6 43 84 86 92 5 11 53 98 42 99 87 62 87 26 44 9 85 11 19 35 60 4 50 95 32 49 63 88 85 78 55 40 52 66 19 14 21 66 66 23 63 13 32 10 46 60 89 75 32 33 26 5 34 21 11 88 9 38 95 41 83 75 56 12 68 15 82 92 80 78 20 11 32 16 9 98 43 72 88 18 66 6 64 19 21 5 86 56 10 25 55 2 32 82 46 71 88 67 65 81 26 59 2 10 98 44 71 26 78 29 71 38 28 66 94 44 8 71 24 98 7 1 86 62 1 16 98 29 84 75 39 74 6 11 72 68 12 96 3 72 51 75 15 77 96 34 33 27 55 24 2 76 29 83 66 80 98 38 25 5 91 31 27 22 46 44 74 60 32 29 34 31 98 99 94 73 67 25 34 10 3 4 94 41 74 65 32 22 39 79 37 58 35 3 12 10 94 31 12 51 89 12 14 10 1 47 82 64 1 96 2 3 93 34 29 26 5 76 85 78 23 32 7 16 33 44 18 32 71 73 78 91 62 63 93 52 5 48 70 78 25 88 96 15 28 67 28 75 79 58 54 23 81 56 68 35 61 45 91 12 94 69 57 10 59 70 53 56 69 26 52 32 13 59 74 52 75 74 37 21 54 71 67 41 90 77 44 62 75 68 59 91 67 68 67 35 31 81 58 69 18 54 44 18 38 19 62 3 13 5 55 66 16 37 25 22 68 28 42 86 37 10 25 47 31 39 82 69 87 48 86 32 28 10 23 34 84 13 88 32 73 48 30 28 47 10 83 37 68 46 43 18 72 76 49 83 67 5 68 57 49 83 91 78 21 55 69 54 80 23 77 94 56 5 35 50 91 24 99 98 99 97 94 25 50 10 75 61 81 63 8 14 51 10 93 39 2 69 71 49 61 66 22 20 4 82 16 72 96 9 62 69 34 42 41 27 39 68 74 83 8 73 87 41 79 83 58 7 20 57 48 94 49 62 5 75 9 19 21 81 43 77 33 49 13 58 60 10 40 38 16 98 13 46 31 79 79 66 32 83 30 37 41 3 54 40 57 16 18 12 45 77 80 91 45 58 39 21 25 13 48 56 36 74 5 89 86 18 5 96 80 75 68 55 56 8 34 59 75 31 31 76 6 1 83 75 97 65 29 68 89 67 59 70 90 62 75 3 6 86 65 6 27 91 53 76 33 34 63 29 87 83 78 20 42 74 31 54 29 45 90 55 32 44 33 79 21 26 64 8 30 27 18 93 98 51 82 24 71 84 40 93 76 54 68 17 41 76 39 52 41 21 17 68 41 22 55 3 17 63 4 38 87 73 57 93 94 80 75 89 30 1 53 72 71 94 92 88 77 1 44 27 30 57 26 67 59 77 61 83 36 30 43 83 83 24 38 8 63 19 3 89 54 88 74 99 75 99 24 69 15 5 92 45 32 57 10 83 45 15 10 20 20 6 49 47 20 49 46 71 32 59 42 91 2 36 66 93 54 50 32 31 60 64 29 79 42 93 53 98 33 56 84 82 90 66 1 85 13 2 84 20 99 5 70 87 71 34 82 73 2 79 8 78 22 92 74 40 14 74 69 96 21 54 81 69 98 32 42 51 60 68 22 57 30 11 51 70 16 68 55 68 85 57 58 73 42 38 40 6 97 70 76 6 25 86 32 16 91 3 56 1 6 42 23 24 93 80 30 69 97 30 78 84 32 70 98 37 37 18 93 78 27 54 69 13 32 25 78 41 97 16 77 77 34 70 67 72 38 1 90 62 35 45 13 49 84 28 11 43 16 13 76 4 87 1 97 16 35 37 6 14 84 13 13 56 42 7 84 3 69 6 22 9 41 22 84 26 60 20 71 20 17 25 38 94 87 30 32 41 69 90 82 79 17 75 62 3 2 34 99 14 63 42 78 33 87 91 69 55 45 24 89 94 66 51 59 15 98 86 18 22 90 51 26 69 59 72 51 59 68 61 42 79 23 57 3 86 42 98 70 75 69 18 59 70 40 18 76 54 76 20 51 59 2 30 28 33 87 64 25 11 74 72 30 6 87 55 63 75 90 96 15 63 24 70 4 54 94 44 52 13 65 41 92 93 7 36 20 3 67 81 14 23 49 21 84 2 94 47 54 58 32 1 51 42 89 26 37 49 2 14 4 13 28 16 8 53 73 53 8 40 17 69 44 5 83 96 72 64 49 96 42 83 65 58 21 56 13 21 46 8 26 82 55 8 97 20 44 68 44 42 30 63 63 55 77 18 19 72 54 33 23 85 29 46 15 42 22 97 8 39 26 86 94 17 15 23 22 71 78 90 41 98 53 16 8 20 26 88 97 28 90 28 31 53 97 22 96 13 67 45 85 89 47 80 9 63 88 3 78 84 16 37 5 58 28 86 56 42 45 43 54 93 1 67 99 95 91 83 68 75 33 59 17 87 6 14 87 59 21 58 47 59 13 69 6 37 3 48 40 1 91 17 52 74 91 93 76 65 91 53 11 77 42 34 41 98 93 40 40 59 66 56 25 83 22 91 48 82 29 44 53 96 23 62 68 72 71 34 11 72 37 61 43 82 37 59 27 38 79 71 82 76 68 17 50 36 85 22 97 8 15 13 78 16 9 59 54 59 16 71 53 93 71 79 79 85 39 5 23 44 46 35 76 76 96 53 67 50 21 48 33 74 77 74 94 9 94 86 50 4 68 70 51 57 43 60 41 98 12 41 44 59 63 71 56 5 91 89 1 80 49 14 19 72 89 90 85 15 80 55 78 42 71 71 35 37 56 46 2 35 69 16 79 71 22 73 15 42 50 6 93 48 8 98 30 9 76 56 78 49 44 63 51 75 8 49 5 58 16 29 40 98 9 40 11 59 19 94 32 3 38 62 60 82 85 37 50 92 75 56 58 67 76 66 17 45 24 17 96 49 11 96 1 21 90 83 73 42 91 9 31 61 9 38 94 17 51 84 60 98 5 32 85 99 41 6 87 7 98 21 94 91 29 18 46 52 53 2 72 71 62 35 95 98 65 74 68 49 9 56 99 17 45 20 22 5 73 30 47 58 54 51 84 28 29 58 80 31 42 22 7 82 39 75 78 24 21 58 18 14 48 77 1 7 55 63 89 31 2 93 57 63 5 24 3 20 68 33 34 43 17 31 61 94 18 32 84 55 83 14 39 6 1 33 19 47 6 85 58 4 85 16 15 91 40 94 44 7 23 51 41 24 34 90 83 94 64 71 80 61 23 65 65 11 66 77 9 18 65 6 85 46 27 83 17 85 94 24 90 76 61 94 11 57 86 81 20 27 10 31 61 20 76 64 92 56 99 23 43 99 94 30 32 89 39 5 40 31 35 45 70 26 35 1 36 15 58 51 70 50 91 73 84 80 92 47 20 17 44 45 28 17 64 94 3 72 40 83 35 65 44 12 58 39 56 78 46 96 32 30 35 34 65 87 73 11 60 27 83 86 99 69 45 91 13 85 22 64 74 1 47 94 55 58 8 98 46 56 59 4 29 80 22 37 71 80 56 15 21 97 15 96 24 91 32 58 37 99 25 88 86 41 99 8 32 65 11 30 10 55 28 14 88 41 30 79 34 9 27 92 82 47 65 17 50 13 82 89 62 45 7 44 82 53 83 55 62 16 62 8 54 13 89 75 99 63 45 18 41 50 30 27 40 9 94 87 8 20 83 20 65 71 69 51 14 39 87 32 50 92 69 52 91 32 46 56 75 14 32 24 20 52 83 26 17 41 27 87 23 10 66 57 70 73 3 93 77 1 55 99 44 94 69 7 83 51 47 97 64 2 19 63 55 12 84 28 17 70 31 25 29 50 87 46 50 92 42 83 40 47 4 92 62 38 84 84 35 61 72 15 76 41 87 77 30 60 83 80 14 28 51 5 62 15 81 47 72 81 82 67 31 9 94 94 76 54 48 4 76 74 18 21 47 92 42 51 92 34 56 76 75 62 21 7 80 77 3 21 45 93 85 80 33 48 80 43 2 92 46 43 86 99 63 5 45 65 56 80 31 98 97 8 3 24 6 78 65 75 52 80 11 48 20 29 51 96 15 49 91 75 14 1 86 41 84 35 39 35 49 28 22 45 76 87 34 36 75 3 99 99 83 55 54 78 25 17 83 98 50 60 43 12 82 27 30 30 79 29 77 96 16 99 1 80 83 76 90 64 40 40 38 73 74 46 25 28 12 7 11 59 26 5 63 69 65 90 12 59 26 52 77 24 62 72 85 43 99 99 9 1 93 69 57 18 5 66 49 64 33 37 59 62 5 97 86 92 97 90 22 89 4 66 81 7 16 67 60 79 48 22 81 60 1 7 28 75 26 2 75 96 33 33 37 33 21 29 13 83 72 85 94 71 53 21 80 66 67 10 57 41 31 41 14 88 52 43
1500
66 48 88 37 42 36 86 46 84 33 73 5 27 28 33 13 98 64 73 73 64 78 83 29 45 2 35 14 87 35 35 34 56 38 85 86 97 12 69 70 99 52 45 59 77 39 85 18 2 97 54 29 82 51 99 87 92 58 8 45 25 80 23 11 70 34 20 48 10 40 92 45 17 98 28 60 73 35 41 82 18 17 71 22 48 24 78 48 67 49 82 60 55 24 20 87 79 77 4 28 88 74 35 17 52 56 77 31 83 8 74 44 40 63 11 39 32 49 22 68 94 40 10 58 83 72 93 37 27 14 48 23 79 40 53 51 82 98 74 48 25 15 10 34 90 94 65 84 33 18 14 50 79 50 63 42 34 86 3 85 11 61 34 87 21 59 42 10 54 94 84 53 62 55 87 62 42 34 69 60 76 19 73 81 20 19 15 98 30 98 95 15 3 72 62 97 74 62 65 95 51 75 4 72 19 45 28 65 49 23 13 86 15 41 99 17 76 73 91 39 69 86 60 37 86 71 58 60 35 57 9 89 95 15 49 12 19 59 94 61 35 67 98 33 20 42 42 22 75 93 7 17 48 69 53 74 3 46 68 28 74 31 4 93 60 83 70 54 21 16 47 29 60 11 71 91 1 40 57 35 15 51 56 83 7 58 40 38 26 70 97 41 65 96 80 75 12 46 43 15 75 7 23 45 66 6 62 14 43 37 84 64 75 72 9 99 70 99 28 98 11 10 27 89 28 24 81 34 28 44 73 65 16 20 95 36 66 65 99 20 59 75 69 78 10 8 97 60 58 98 98 31 23 47 48 51 31 41 50 5 37 32 56 32 59 43 62 81 36 17 51 81 55 97 13 19 97 48 55 4 97 57 72 78 72 55 21 30 26 92 95 81 8 74 10 47 66 19 70 78 2 64 97 49 11 60 78 8 33 75 90 49 29 29 84 7 43 43 53 26 50 42 54 43 35 89 38 67 48 49 29 51 84 92 63 4 33 94 4 39 48 39 70 76 55 84 95 15 9 5 66 28 20 24 34 47 91 31 94 57 5 49 34 35 88 47 40 17 75 48 9 48 69 29 73 85 4 83 52 71 83 30 18 77 17 45 30 57 41 58 57 68 16 12 29 59 4 10 41 34 43 72 92 46 91 82 23 71 13 80 66 18 42 94 2 66 30 58 87 4 50 46 78 35 45 25 19 66 60 4 65 75 87 89 7 67 67 10 19 85 93 96 53 33 54 28 69 35 93 17 96 47 67 24 2 46 38 71 60 45 85 11 71 15 50 51 50 59 67 66 91 75 3 10 29 55 3 25 58 60 44 72 31 37 58 47 55 13 92 57 41 21 80 14 45 33 68 57 47 21 61 17 32 49 41 16 34 55 41 85 49 98 13 63 76 41 55 62 49 52 55 27 76 94 28 55 36 27 26 74 30 48 75 44 29 52 76 1 58 6 40 18 43 43 19 69 32 48 71 78 90 66 1 23 59 8 38 78 39 66 44 97 7 63 93 97 92 38 75 94 18 22 74 25 93 14 6 17 66 46 98 72 25 63 63 4 29 42 90 31 55 2 3 28 77 70 40 28 91 24 73 96 8 27 39 83 63 50 27 79 11 76 2 10 17 23 49 65 31 60 35 3 40 8 84 74 48 61 64 12 71 48 99 3 53 36 22 29 3 78 31 29 22 89 1 39 18 75 22 85 32 74 47 19 40 16 42 21 1 87 1 40 40 43 30 86 83 4 3 53 84 23 31 40 88 6 7 11 6 87 53 85 21 29 63 75 48 48 36 97 22 20 14 73 18 79 31 72 77 10 44 39 70 37 74 85 68 2 34 32 84 97 42 10 54 74 99 63 27 7 31 20 88 68 94 15 86 61 86 2 53 65 73 33 17 82 22 89 87 47 5 7 56 69 84 65 2 11 63 87 2 43 95 7 41 92 32 50 94 20 36 92 90 29 50 30 9 47 55 46 2 6 56 13 85 1 22 34 37 90 50 73 28 4 27 49 13 54 22 46 69 61 65 37 13 47 86 51 49 76 39 33 86 12 37 85 69 29 48 84 41 85 2 49 44 2 47 51 86 88 92 33 88 72 76 43 3 15 15 3 29 74 44 23 31 94 17 42 92 45 73 3 80 20 45 22 70 74 8 93 23 80 78 47 37 48 16 12 57 2 54 2 57 35 30 88 59 6 68 13 22 29 39 53 22 96 10 18 86 16 86 50 40 4 53 30 48 87 3 14 75 88 76 38 35 22 34 67 44 28 36 44 9 34 49 86 95 64 11 72 3 32 5 94 6 79 16 9 23 96 61 60 97 66 24 44 54 59 54 28 85 63 50 42 66 21 62 57 59 52 63 83 15 24 1 35 24 74 93 60 10 10 49 66 76 26 3 76 34 49 27 38 71 46 90 9 10 47 77 90 15 99 69 46 98 40 69 35 58 14 19 81 92 54 2 37 17 11 1 89 33 8 19 59 14 97 90 86 42 63 48 84 2 93 40 69 45 88 51 51 89 78 93 50 73 4 30 64 21 38 91 62 36 14 18 19 48 6 64 13 67 46 7 33 53 69 57 94 24 62 58 16 74 72 44 78 73 71 82 99 13 55 61 53 90 70 99 19 15 80 32 79 23 64 57 6 81 27 14 4 17 22 44 59 69 21 98 19 80 90 71 43 70 38 58 91 33 23 38 67 93 53 15 53 1 48 16 38 61 42 25 25 56 20 46 9 42 38 94 85 54 84 96 9 10 16 76 56 52 7 88 83 77 9 5 96 21 49 38 62 36 58 20 50 79 86 54 69 62 48 36 36 30 17 28 55 45 19 33 18 80 30 8 12 40 65 13 40 50 59 29 37 84 49 42 6 11 58 75 13 72 74 79 35 43 85 26 17 83 77 54 22 21 99 55 12 58 86 24 40 80 85 80 21 51 77 95 89 61 57 80 87 25 53 85 11 49 90 29 34 3 77 36 61 26 31 36 32 45 57 88 5 84 22 27 22 18 87 17 71 12 35 82 34 62 75 9 39 21 49 18 85 35 64 3 74 22 65 30 18 51 51 12 73 4 35 21 82 50 4 11 32 34 54 51 79 71 37 99 68 19 73 42 92 99 14 54 89 30 1 79 55 54 20 78 16 24 5 43 28 49 11 30 92 16 6 49 38 59 13 34 86 42 59 69 47 13 73 10 20 26 96 73 95 75 77 69 81 57 56 2 64 63 17 83 75 89 18 93 34 5 45 88 26 18 98 92 84 89 32 21 95 17 82 73 48 79 61 41 64 73 27 77 25 46 45 4 42 68 87 29 96 73 83 10 76 73 45 88 86 22 3 30 80 66 1 68 39 38 42 96 55 90 11 61 71 60 4 45 68 56 34 70 68 41 1 8 49 29 92
1500
6 75 28 92 83 33 19 62 46 97 71 78 9 1 83 70 51 26 24 74 5 82 26 4 15 54 98 12 31 44 17 73 26 86 73 39 24 19 43 77 60 14 68 84 18 68 83 44 66 71 23 7 23 55 13 54 17 85 14 2 31 93 85 48 63 73 55 72 10 61 82 45 87 33 32 72 99 23 65 77 98 90 92 24 25 38 20 99 34 6 88 70 93 19 50 32 65 29 18 89 14 10 20 20 43 10 37 22 31 77 8 56 42 76 70 31 4 14 67 53 42 96 48 97 49 54 31 26 56 78 82 27 75 63 72 10 56 44 2 33 87 32 4 61 7 31 36 29 47 18 6 53 15 59 17 43 54 51 67 42 84 16 12 90 74 14 36 55 73 25 34 25 64 76 76 18 53 70 67 54 77 95 98 47 93 50 74 76 27 40 25 15 78 15 76 14 64 87 95 79 28 58 97 6 90 57 80 5 10 69 56 89 62 47 48 5 6 92 24 49 77 92 90 55 72 49 87 46 30 9 50 49 89 80 65 14 88 83 44 47 42 54 51 83 52 11 8 55 44 35 18 6 64 13 73 59 34 92 7 29 49 92 46 30 90 19 64 69 29 89 63 79 30 27 20 98 36 67 69 49 30 40 17 36 20 44 90 16 90 69 83 95 78 5 67 55 43 7 37 14 71 24 57 46 90 19 21 26 59 11 21 4 61 6 99 95 53 72 86 64 41 18 9 47 17 8 24 94 33 19 20 44 65 32 82 92 98 86 78 99 16 19 66 57 24 57 22 93 91 17 91 89 77 44 41 25 23 16 73 23 96 26 3 76 91 50 75 34 69 45 63 29 82 8 21 50 81 20 84 75 21 14 7 2 73 60 30 90 19 65 86 69 5 64 35 1 7 44 19 80 71 89 38 84 44 67 88 63 49 6 8 92 38 14 41 84 91 65 35 16 53 32 80 62 30 48 74 67 59 11 14 7 90 70 67 5 83 65 85 46 2 41 6 5 86 64 1 33 31 44 84 85 25 50 22 81 78 97 44 76 44 27 98 83 33 7 84 20 56 49 23 82 65 24 20 66 53 48 33 79 54 17 84 17 65 91 85 38 90 71 31 14 44 25 65 70 52 53 20 98 67 13 4 30 17 28 22 39 80 67 94 17 57 75 30 10 95 99 93 69 32 83 88 21 10 81 32 97 33 19 40 35 46 21 73 19 69 79 85 17 80 92 63 45 82 77 86 36 82 15 34 68 78 92 13 1 31 99 51 35 99 11 96 3 22 56 49 49 80 86 50 48 25 90 17 71 43 89 96 17 64 85 87 82 45 80 32 81 16 53 68 99 36 44 79 15 56 44 57 36 81 85 47 25 69 85 5 35 43 43 78 79 24 12 88 36 92 83 15 7 93 95 95 72 2 4 88 71 83 18 51 84 30 91 29 54 22 33 31 82 73 22 21 24 52 64 88 77 78 43 51 20 69 39 21 54 26 4 70 74 38 57 33 97 15 94 27 72 43 65 10 59 66 44 79 33 43 95 76 84 25 4 13 65 82 95 75 29 79 27 43 85 37 2 65 93 30 20 15 95 14 61 11 46 92 98 21 81 87 43 90 54 95 47 67 82 33 20 26 18 6 23 22 18 1 94 6 99 10 57 75 24 6 87 81 9 88 69 30 45 56 88 66 78 36 75 79 69 68 95 55 55 56 9 59 24 4 9 52 55 63 63 17 48 43 11 6 83 66 60 38 17 3 91 15 54 5 57 24 90 58 32 95 27 93 99 22 96 84 66 1 98 96 82 12 84 3 70 16 51 74 86 50 26 59 20 33 79 46 95 86 30 83 85 28 84 93 3 37 1 86 72 98 69 65 13 39 44 35 86 58 42 46 61 40 44 52 65 73 83 48 82 51 69 47 87 93 48 64 12 17 33 76 78 70 90 66 90 76 30 60 68 59 97 24 46 52 30 94 11 68 45 3 11 78 85 44 84 38 9 93 59 20 56 38 36 11 74 4 41 43 94 59 91 26 3 38 93 14 53 42 35 36 12 73 67 55 46 72 14 61 33 94 45 94 58 22 63 66 44 59 51 15 42 13 54 19 46 9 96 71 43 83 98 96 84 79 63 93 8 74 33 43 5 72 49 68 83 94 27 43 97 51 65 29 46 70 33 88 80 81 56 35 42 18 29 1 97 97 60 29 90 51 51 17 78 87 81 27 96 32 6 16 43 91 73 38 94 4 24 34 34 18 96 86 96 73 80 38 6 24 16 32 68 62 35 72 95 80 1 47 41 39 11 85 49 10 37 3 9 34 2 30 57 88 25 95 26 67 88 75 45 48 76 67 33 13 21 84 14 89 10 15 68 90 48 62 15 49 75 12 96 99 25 31 93 3 77 66 90 51 96 75 89 9 62 27 17 36 33 19 3 56 44 14 89 67 17 44 73 27 50 53 33 71 4 15 11 26 81 82 37 89 16 23 97 47 46 91 62 15 14 2 78 55 70 55 71 74 39 73 24 3 43 25 92 32 14 2 47 23 39 48 24 49 49 15 92 77 35 2 93 96 6 19 17 60 71 32 39 47 95 37 15 59 22 93 55 36 46 51 14 17 92 48 48 13 2 36 70 99 67 74 2 42 72 4 65 31 56 74 93 26 4 49 3 34 66 10 50 59 33 97 49 88 5 71 7 15 87 87 84 7 76 71 49 77 90 79 17 92 22 11 91 81 27 55 70 31 66 51 16 90 85 54 36 3 26 63 83 37 66 74 52 39 44 70 70 63 47 77 7 44 3 57 23 50 17 68 94 47 71 51 14 76 18 47 48 28 43 56 87 3 98 8 22 90 25 80 20 47 77 23 76 79 51 15 31 1 7 73 72 37 41 87 5 53 61 99 57 29 23 81 16 96 51 66 20 86 65 77 16 45 45 20 90 53 63 90 79 80 70 34 87 94 36 89 40 88 12 87 1 72 94 67 80 86 80 28 83 9 34 7 33 67 33 73 71 37 52 59 5 79 10 71 66 9 29 51 94 51 19 36 44 73 52 56 92 16 32 62 11 84 39 92 83 98 21 94 87 50 26 24 60 11 8 52 30 1 35 25 38 2 43 29 45 3 84 26 71 94 84 25 31 41 96 53 11 85 61 96 26 10 98 66 84 67 41 67 20 8 80 27 24 87 82 81 17 80 60 6 4 4 37 36 16 48 4 79 15 50 92 18 30 98 46 35 5 79 9 80 30 48 25 71 62 84 73 75 80 61 44 70 42 90 75 24 11 50 30 89 80 42 71 53 70 39 51 40 5 71 44 66 40 33 75 80 61 15 6 99 91 28 23 51 86 1 22 38 82 42 38 27 59 33 10 78 52 24 75 90 96 29 93 20 91 81 16 46 86
1000
77 66 14 49 54 51 59 87 86 66 71 48 84 12 90 78 8 53 31 21 28 9 97 76 55 82 88 84 66 82 91 23 4 47 3 48 16 1 86 90 6 23 70 10 88 52 96 83 27 17 81 21 86 49 3 31 22 98 80 68 44 30 53 29 64 55 8 59 85 36 26 88 10 79 12 48 29 31 53 78 22 97 51 65 86 33 14 42 2 63 83 45 55 41 66 94 20 93 59 26 82 82 50 65 60 16 44 55 98 20 70 11 72 26 15 91 15 5 67 77 65 6 40 97 9 31 94 78 8 17 97 78 69 83 57 72 38 40 14 79 54 21 69 61 35 11 19 15 7 43 26 74 62 26 20 28 2 42 90 84 5 27 29 86 27 74 17 42 21 63 5 21 8 98 13 57 79 7 62 91 32 11 99 23 65 94 76 47 28 72 62 64 64 53 26 64 63 81 31 25 32 4 54 55 5 4 33 62 84 15 54 73 19 17 78 43 14 16 76 41 25 45 17 43 76 27 49 69 55 34 89 28 85 2 17 34 46 20 38 84 24 94 90 40 67 83 6 65 38 82 34 47 45 56 58 85 20 80 15 25 54 93 40 25 48 51 60 96 87 73 52 4 5 35 1 71 39 97 81 93 77 97 57 11 60 4 95 33 64 72 90 17 47 31 10 17 34 66 97 38 13 32 40 44 66 96 44 25 82 88 87 20 6 76 29 28 21 17 65 49 16 50 47 54 48 38 88 25 32 16 82 67 65 67 78 41 29 71 84 61 68 42 73 8 54 81 66 56 67 90 41 34 47 43 36 76 22 56 3 47 72 75 79 26 22 10 74 3 70 14 36 5 96 89 86 21 16 3 22 86 5 74 44 97 3 21 16 23 10 85 42 59 29 26 8 95 71 63 46 83 63 36 79 9 89 47 16 89 57 68 78 32 65 30 90 87 18 25 94 68 58 64 86 50 69 1 12 77 34 45 59 94 91 51 72 72 93 98 95 36 10 22 82 67 75 56 37 46 30 87 96 25 64 37 61 25 97 79 77 61 5 13 39 27 39 63 37 15 59 33 80 84 11 90 66 56 40 63 82 27 93 7 18 36 37 15 46 82 19 47 18 3 51 50 17 85 73 77 21 45 41 7 36 89 87 37 97 56 27 97 43 38 31 45 28 12 52 37 76 73 53 94 81 37 88 81 34 30 50 54 80 94 8 8 36 2 71 34 74 77 42 14 34 92 33 82 85 14 75 46 56 44 89 42 84 97 75 54 10 93 13 89 85 46 76 83 57 10 37 16 61 87 87 43 27 65 42 51 97 52 3 15 93 58 2 91 24 81 92 54 15 60 31 23 9 6 45 5 47 68 90 91 56 88 40 72 15 28 33 50 2 7 78 97 38 12 31 79 43 66 64 70 98 40 5 80 14 44 35 34 28 72 96 40 10 11 9 30 44 5 65 33 54 93 63 87 12 33 37 38 88 66 23 46 7 66 10 30 99 18 31 80 16 14 12 65 76 94 75 80 69 67 87 32 38 42 28 58 44 91 71 58 87 58 23 62 80 68 63 99 72 44 44 35 74 15 15 17 54 79 77 13 67 68 31 34 38 3 89 6 12 23 85 28 44 91 16 35 48 13 37 90 3 1 21 17 55 66 32 48 89 66 60 68 31 19 92 97 68 14 49 52 26 18 44 74 47 79 46 55 32 11 8 11 16 77 30 73 39 39 74 32 82 72 79 25 9 5 75 26 87 92 9 16 12 53 81 90 91 2 55 43 3 51 73 41 83 84 74 54 93 25 71 56 65 55 88 8 77 13 55 82 88 24 78 37 71 41 14 84 71 1 14 94 53 92 62 73 63 83 35 68 28 17 25 95 1 77 67 34 18 40 37 57 42 85 6 45 81 64 86 95 88 26 73 98 87 35 2 17 45 15 62 8 45 55 66 36 36 29 81 28 8 40 82 47 42 26 91 72 10 36 77 25 51 26 88 97 96 85 29 67 87 28 40 67 73 35 24 78 97 22 74 63 57 8 89 71 51 63 90 40 6 10 23 67 99 4 15 96 14 22 44 33 87 76 74 55 76 4 46 17 55 74 8 60 22 65 82 5 51 72 32 45 1 27 47 95 99 70 48 59 63 10 94 20 2 63 31 22 24 90 42 91 72 76 25 62 21 5 29 97 11 79 22 82 20 58 10 43 34 46 43 29 41 67 84 66 32 97 25 62 50 75 3 70 26 77 65 61 81 48 81 60 42 87 82 84 26 17
1000
42 49 56 43 72 33 85 11 1 59 9 85 79 86 23 24 65 12 97 29 53 35 72 86 92 85 38 83 51 65 42 4 92 95 93 67 66 98 14 25 90 45 49 78 76 84 9 31 78 81 50 44 51 84 99 82 20 34 53 86 32 37 82 69 33 98 3 39 85 43 59 50 18 30 69 52 29 59 75 29 14 39 33 27 76 87 63 4 92 71 48 24 11 71 4 45 84 69 49 5 49 56 86 11 1 82 28 40 79 2 31 42 84 77 27 22 35 46 40 12 29 8 93 28 48 11 27 72 10 39 72 92 76 42 70 9 10 40 6 11 36 57 68 81 20 51 59 38 51 89 48 36 30 38 87 46 68 52 25 90 43 13 19 4 74 18 52 88 28 74 77 6 14 44 55 15 9 16 21 78 12 96 15 8 70 62 67 7 69 37 56 47 20 67 99 97 96 88 33 55 13 10 26 93 60 8 27 50 72 66 59 94 86 87 42 81 71 66 1 3 53 51 38 15 6 81 57 74 45 9 23 8 66 27 63 77 68 66 78 44 5 86 17 72 63 2 51 55 97 66 37 45 1 17 87 90 14 33 79 52 42 4 32 71 87 81 22 19 97 62 92 89 20 33 63 50 89 70 99 13 54 37 9 27 53 57 44 70 82 16 28 25 36 58 3 88 47 47 30 32 4 44 47 75 20 57 54 17 54 77 33 16 37 11 38 84 74 72 71 66 73 64 82 50 73 35 99 91 14 59 89 41 23 16 89 61 1 62 92 94 28 9 85 97 2 84 87 77 65 15 13 12 56 21 59 39 92 7 96 39 90 16 10 43 14 3 63 45 44 27 23 46 74 14 3 44 13 27 60 21 6 44 3 10 45 59 34 24 85 22 54 79 87 5 11 59 16 97 85 43 34 82 38 53 66 46 96 97 35 99 95 33 83 39 87 55 62 22 39 40 77 48 5 63 94 50 70 41 16 11 8 63 66 83 56 10 31 9 23 46 56 70 45 36 64 79 91 52 89 65 73 63 14 30 35 50 28 47 95 1 70 1 34 47 1 45 55 16 1 83 13 35 46 51 89 20 21 87 79 44 9 49 21 20 50 7 44 52 36 76 84 52 9 16 49 58 92 59 34 44 44 74 25 63 22 76 21 19 52 75 89 71 52 48 35 26 12 52 33 55 86 5 49 16 78 71 88 19 5 4 96 51 25 73 60 26 63 28 50 85 89 30 4 80 26 32 39 65 89 79 43 91 23 90 52 23 91 62 61 41 1 15 2 67 81 43 38 56 46 65 39 78 45 25 38 64 16 55 64 32 60 13 14 74 91 36 72 36 74 46 79 38 67 52 71 65 52 20 65 59 27 75 60 73 5 92 11 6 27 75 47 76 54 35 92 21 83 37 74 15 20 38 58 26 68 58 29 6 25 89 26 96 27 81 12 49 43 75 11 87 73 36 14 23 62 55 41 3 85 25 96 28 55 60 19 83 12 34 36 13 85 26 64 25 71 95 30 97 54 60 26 91 57 63 92 99 34 4 33 60 25 97 4 94 87 61 24 88 89 47 46 46 38 94 43 2 25 92 41 1 28 79 19 68 68 15 31 27 2 91 74 8 35 4 53 71 75 12 93 43 49 22 22 96 30 93 18 38 90 64 49 40 78 85 70 54 40 62 24 3 58 13 99 82 6 79 42 65 94 4 74 31 12 13 57 94 11 13 90 64 9 64 59 88 67 27 75 93 1 99 45 62 14 71 27 94 32 63 38 81 87 75 85 94 74 46 45 17 23 50 68 94 80 35 69 17 63 45 95 94 6 52 58 34 91 27 6 47 42 63 39 62 90 68 69 39 59 89 54 42 32 14 54 64 70 17 81 44 52 98 95 25 73 6 13 81 25 18 76 40 36 93 93 9 73 19 59 10 95 89 7 30 86 50 84 89 31 76 91 69 90 59 20 39 52 45 86 32 64 75 49 53 33 26 22 78 47 84 14 43 28 37 65 30 96 36 29 14 72 56 50 34 78 21 22 85 17 56 63 64 44 49 56 31 62 61 77 92 97 74 90 39 66 48 58 31 27 53 97 92 26 70 66 58 86 75 85 52 32 28 50 18 53 22 71 16 4 50 36 48 36 44 68 30 51 66 89 66 92 94 6 30 74 30 39 88 50 91 95 51 81 63 96 68 17 22 28 51 81 84 36 1 90 32 89 39 1 51 17 33 56 82 85 51 63 66 38 8 60 2 72 48 93 88 54 27 25 40 35 12
1000
61 37 54 3 38 64 98 32 89 55 30 3 75 74 49 2 75 80 44 23 67 11 11 58 95 78 73 92 73 6 15 75 6 76 70 11 27 29 44 11 61 96 64 99 44 26 22 54 69 25 22 22 39 26 35 56 17 5 3 19 27 60 15 11 8 71 74 63 98 40 35 99 28 31 5 38 23 40 47 58 8 34 52 90 43 46 80 63 44 26 34 80 59 32 9 1 24 7 89 26 81 99 46 63 37 68 73 93 17 20 5 95 29 31 65 14 40 76 65 76 87 56 47 81 33 58 6 83 76 85 53 71 38 27 13 86 16 19 60 41 21 87 19 15 68 44 39 39 75 65 63 55 77 54 33 6 54 7 25 76 15 45 79 84 25 38 20 65 30 1 76 30 58 56 13 53 29 78 30 43 44 16 46 40 61 71 5 24 25 67 14 43 64 81 34 34 47 19 30 8 89 11 45 33 16 62 77 77 58 26 11 70 43 36 22 23 91 99 43 13 92 60 5 83 57 20 17 34 75 71 68 72 91 3 99 60 82 17 81 23 23 84 19 23 69 52 16 8 49 21 9 44 25 42 35 76 77 43 4 49 29 53 11 90 49 49 79 11 51 81 49 75 3 51 48 46 7 88 63 93 65 94 93 71 99 64 14 61 1 89 68 35 56 46 40 22 61 17 67 64 29 6 42 7 68 96 13 86 81 26 55 52 37 50 39 17 41 87 57 7 99 66 75 79 74 76 84 90 33 14 90 41 13 49 12 45 96 35 41 23 12 52 37 38 76 84 96 28 75 60 85 29 40 33 5 27 73 4 34 56 94 5 19 56 8 73 51 9 3 89 73 59 25 37 9 25 34 91 93 23 93 11 12 91 26 69 35 90 86 99 99 39 59 40 11 68 98 21 72 74 2 58 32 65 75 82 26 55 62 40 42 34 98 6 98 13 5 68 84 40 24 27 23 43 55 1 73 21 64 32 26 67 56 16 11 6 97 86 93 49 22 19 53 6 16 34 35 11 88 81 18 26 37 82 17 48 33 31 52 30 79 99 48 11 2 74 64 21 65 76 11 67 55 20 50 24 12 22 31 40 39 40 53 91 53 96 30 76 44 25 63 68 42 64 65 25 78 39 56 84 9 99 90 55 63 37 14 25 58 70 14 54 26 42 66 65 42 66 98 25 43 68 50 68 15 36 60 73 35 53 83 58 88 39 15 20 34 74 36 44 26 19 51 9 74 5 75 84 86 64 64 52 99 61 81 61 96 38 98 16 40 48 31 8 69 38 29 91 17 33 72 35 20 75 34 5 63 32 18 23 67 28 94 7 79 36 76 29 69 26 41 79 28 43 77 48 90 85 33 40 33 38 74 78 83 79 42 25 90 42 29 38 9 47 54 80 40 79 29 25 28 20 90 63 38 22 45 9 91 51 70 31 40 54 77 69 41 31 64 77 33 48 26 32 23 59 35 71 50 93 3 8 25 89 82 87 12 5 69 41 40 38 91 57 96 78 84 23 74 83 96 91 42 61 35 80 11 1 20 42 82 70 87 14 39 69 51 30 93 1 53 53 30 78 7 89 9 62 75 20 88 63 67 1 5 13 67 39 45 98 64 72 19 67 20 28 20 34 91 75 24 36 89 22 1 63 60 56 64 33 42 67 65 25 54 42 93 39 9 4 73 76 4 95 35 67 44 57 76 7 93 73 83 94 47 86 35 22 91 46 80 42 47 87 78 21 28 56 43 25 94 95 76 55 98 48 70 19 30 52 39 33 4 12 83 52 18 90 13 9 80 50 58 98 32 71 40 84 65 17 64 64 7 79 24 43 96 26 10 5 85 52 60 7 71 54 53 72 58 41 83 68 1 16 15 39 72 16 29 88 13 44 49 44 25 90 36 95 1 86 78 91 64 80 14 84 8 2 19 98 90 12 68 73 63 2 71 43 88 56 31 39 94 66 90 59 66 37 54 17 34 63 77 25 80 63 45 79 33 44 78 31 64 85 1 71 20 40 58 70 79 79 34 76 1 39 68 30 64 31 22 56 5 69 40 16 53 43 58 93 87 10 12 47 16 78 13 66 76 55 61 33 45 56 20 7 61 4 36 52 99 57 13 68 39 85 79 85 69 53 73 19 42 47 53 35 19 57 84 6 57 46 75 61 25 89 75 93 31 2 9 99 19 65 39 1 39 12 92 16 62 89 78 91 34 12 13 78 59 61 17 43 99 19 88 37 77 36 44 2 83 18 67 12 98 86 59 86 94 54
1500
55 99 44 75 81 82 74 14 67 31 57 85 18 89 73 49 7 52 10 7 75 39 70 46 87 11 16 97 73 51 50 79 12 32 74 67 98 8 35 70 35 96 15 15 7 62 57 61 72 68 18 34 9 32 91 88 79 5 47 75 62 23 36 61 22 64 69 50 67 88 76 47 62 90 56 68 45 62 4 33 74 52 11 2 43 4 6 16 80 22 74 66 20 84 59 40 48 93 98 87 99 63 38 12 55 79 40 26 39 41 14 75 29 77 55 22 10 52 44 97 89 86 98 73 43 78 30 54 40 88 5 2 97 67 11 62 79 85 48 72 88 80 2 20 57 92 16 41 83 70 4 47 28 73 89 48 53 41 6 59 56 60 29 83 8 3 98 69 22 51 70 44 38 77 8 2 43 22 89 5 51 40 63 62 88 52 50 23 15 38 37 23 75 4 31 26 31 8 26 76 60 52 10 31 97 88 20 5 83 41 29 20 45 85 41 48 80 51 50 72 14 9 22 78 31 35 41 71 19 14 4 63 24 54 56 80 22 93 77 9 31 90 39 27 65 50 58 99 62 29 2 14 18 53 10 6 38 43 58 47 18 38 67 58 48 55 41 40 28 35 95 68 86 3 61 27 73 15 62 91 89 23 5 8 1 41 92 93 60 86 70 4 50 72 78 25 72 21 92 76 78 22 36 9 83 82 86 57 70 56 23 88 38 80 74 39 64 94 82 49 45 34 70 1 8 84 87 89 6 54 57 31 30 53 53 38 77 48 78 48 54 76 3 14 75 16 71 63 79 99 95 81 84 92 74 82 92 66 83 2 71 71 12 49 4 81 59 11 80 14 83 98 94 76 59 34 34 38 17 42 83 9 73 8 17 91 61 15 13 35 55 39 6 80 9 43 70 67 91 81 95 88 79 26 86 49 83 78 14 68 31 28 35 8 29 92 96 81 48 88 89 17 22 66 38 21 38 41 31 44 33 95 48 94 28 94 40 41 86 23 50 85 54 16 54 91 35 68 60 87 76 49 13 17 72 40 1 22 78 21 51 30 72 86 44 78 77 84 50 92 24 32 12 13 42 25 84 90 67 73 68 5 10 54 21 77 90 76 47 65 34 29 82 37 91 65 94 3 75 98 38 79 19 4 14 65 82 42 60 86 92 89 78 37 91 35 72 51 96 3 31 87 88 14 54 29 34 41 35 94 42 71 25 23 36 59 27 55 10 5 28 95 29 2 61 96 28 20 11 70 35 2 25 84 19 73 21 86 57 95 46 37 11 84 2 45 4 67 54 77 28 20 46 85 59 21 69 24 56 12 98 20 98 70 56 67 95 46 85 91 38 40 43 88 20 35 89 70 54 76 51 9 47 66 47 25 38 19 18 11 72 86 77 79 20 24 63 16 26 63 47 44 65 96 11 66 87 32 5 68 4 95 97 33 48 80 87 72 23 87 99 33 44 88 21 89 32 98 2 37 88 99 58 15 84 74 29 45 99 49 71 47 98 90 72 64 40 12 55 32 95 13 27 98 39 35 4 50 34 56 77 98 34 93 17 96 92 10 97 10 98 48 31 3 90 3 11 87 2 53 51 66 9 86 99 13 83 68 14 39 56 37 73 71 84 11 36 50 51 48 55 12 12 56 46 55 94 86 6 68 28 69 90 56 6 63 83 17 98 26 8 48 85 27 27 28 47 37 23 79 22 83 87 38 61 45 87 12 72 46 17 59 45 37 91 57 7 19 32 61 87 68 97 19 79 28 88 41 16 6 36 47 65 79 16 74 34 70 97 38 74 12 73 50 61 39 40 16 16 46 15 17 4 90 74 45 87 62 48 11 76 77 56 50 26 54 60 66 75 99 60 65 63 99 54 80 64 21 76 40 32 74 51 20 64 49 64 28 89 84 64 58 32 26 48 41 41 78 6 15 22 70 67 85 27 76 49 75 37 91 44 64 28 37 34 63 3 64 76 86 81 38 33 41 58 77 96 90 57 18 9 82 24 41 91 6 73 79 79 95 84 31 78 66 23 41 68 15 26 55 72 94 95 31 5 40 49 41 91 50 50 75 42 25 40 38 55 89 71 28 73 47 19 52 52 59 47 85 45 43 64 9 60 77 92 33 12 93 47 50 41 39 84 14 68 38 45 89 6 58 64 26 85 5 47 31 59 86 98 83 27 71 7 66 81 52 64 85 5 95 94 36 11 5 39 50 18 15 21 25 17 10 4 41 78 48 19 60 96 53 67 38 28 97 66 47 27 33 62 47 63 22 81 42 68 92 16 48 58 23 3 94 38 96 80 17 33 20 61 52 38 70 12 52 23 83 34 28 59 7 76 93 57 36 55 89 85 1 1 54 30 24 88 61 35 49 83 44 8 55 71 39 38 45 27 35 80 98 8 47 29 88 65 35 55 26 30 11 36 57 83 78 77 5 85 29 10 34 45 97 71 8 28 15 21 74 70 28 12 98 67 23 17 66 70 6 62 39 32 87 12 42 87 67 50 56 35 38 28 32 52 61 67 44 19 42 70 41 12 33 18 29 26 46 64 63 58 89 55 42 57 11 7 54 80 53 82 88 58 50 38 5 13 71 64 99 40 73 39 29 2 24 64 33 70 45 45 71 29 99 13 88 73 12 27 22 31 63 3 42 25 54 45 26 7 67 39 73 55 9 6 38 42 46 8 71 86 11 61 40 32 75 37 73 2 48 64 77 38 41 19 54 96 92 97 19 17 96 23 85 4 88 26 16 18 13 23 4 71 63 4 90 41 78 36 25 45 71 53 68 59 5 56 35 97 82 68 23 74 32 72 18 79 26 84 9 84 60 32 80 13 61 34 46 58 26 78 5 14 52 49 15 61 88 67 7 43 30 16 95 99 33 33 89 23 48 90 94 86 85 60 62 99 26 74 13 74 2 10 6 66 50 67 82 29 2 94 53 17 2 93 91 18 69 24 27 17 70 57 39 66 89 20 35 48 62 72 83 18 66 24 3 55 34 42 86 86 73 44 35 45 96 64 50 86 89 51 22 49 49 15 73 16 20 38 58 75 79 69 7 83 70 25 19 41 75 52 54 75 77 43 80 82 82 50 53 92 71 51 31 23 57 97 82 64 36 42 70 2 68 18 16 4 48 46 28 13 95 51 44 41 36 48 58 32 85 28 46 17 2 29 77 75 33 17 22 81 80 86 25 30 55 14 43 96 64 53 69 91 72 82 23 23 62 82 73 14 95 96 72 41 4 77 65 48 3 77 40 6 28 34 94 21 23 99 69 16 46 16 41 16 40 53 9 11 41 88 1 52 52 45 91 46 96 31 77 76 17 54 61 86 64 94 46 77 67 44 30 80 34 44 8 85 77 34 42 84 61 27 92 97 66 68 3 54 93 96 4 43 98
1500
92 51 4 34 38 51 73 89 76 60 74 70 3 6 35 5 54 12 99 89 42 60 31 65 60 9 14 82 68 2 45 30 52 35 84 81 34 37 24 39 80 9 98 47 3 70 2 31 64 32 43 35 56 18 91 81 77 66 72 65 49 47 60 33 38 7 59 40 85 82 46 2 82 63 5 36 92 33 34 78 86 97 93 47 94 44 31 96 26 51 28 79 35 11 67 47 24 71 90 11 16 6 61 59 28 34 39 63 24 68 80 48 37 36 2 19 83 8 53 89 10 85 81 79 15 75 11 24 30 33 36 24 94 32 75 53 52 19 1 99 20 50 41 14 60 50 96 16 10 98 21 38 34 75 8 6 37 89 38 40 21 45 27 92 66 46 75 12 99 41 63 46 38 6 26 28 33 4 22 57 58 20 3 31 86 56 99 77 35 88 22 61 32 63 96 66 85 24 77 34 39 80 4 13 1 60 36 77 57 93 71 28 95 77 85 79 97 60 79 68 19 99 93 80 60 48 24 62 9 6 32 52 9 8 12 4 72 46 93 35 55 51 82 24 14 78 27 39 72 15 96 83 9 67 76 57 83 10 12 70 44 85 45 8 55 88 62 16 78 22 32 49 78 58 82 37 18 60 58 66 87 12 26 17 30 40 2 5 35 11 10 1 68 54 35 15 10 7 46 32 38 1 5 98 53 43 99 79 88 99 6 69 14 35 93 97 79 56 78 58 13 87 96 27 57 38 5 69 74 68 51 86 99 1 84 62 47 36 37 26 28 3 23 17 37 97 52 21 84 34 10 6 66 83 58 44 10 75 43 97 24 63 61 20 98 22 51 15 15 26 25 44 94 4 89 96 52 1 36 78 75 78 93 41 25 16 31 14 74 73 18 82 61 68 83 93 97 65 26 94 40 49 25 23 78 12 95 56 4 16 77 82 38 33 39 14 78 61 90 13 59 82 56 76 13 55 6 22 93 78 73 2 26 57 26 2 52 19 27 80 76 43 61 97 71 82 44 17 98 98 83 34 47 2 98 40 49 76 8 85 95 4 77 77 49 30 58 68 42 67 94 87 93 72 67 80 57 9 81 17 55 71 32 33 60 5 59 94 78 94 47 64 53 56 68 79 8 54 73 58 79 94 81 45 33 3 32 24 69 17 70 70 85 19 78 57 64 8 9 7 3 47 20 90 31 44 61 80 95 94 25 56 98 88 9 93 85 73 11 4 99 56 24 19 21 13 61 54 64 21 66 37 31 65 80 19 5 23 97 43 97 2 46 56 33 11 80 25 81 27 24 58 87 18 94 47 93 33 18 33 65 18 47 61 62 39 40 58 20 86 8 52 61 40 49 58 88 68 87 67 24 66 26 19 77 27 95 17 68 80 57 64 53 48 49 34 18 75 42 29 87 79 28 86 18 92 55 85 96 69 97 50 94 74 85 31 50 92 23 88 42 32 38 58 99 48 13 78 26 92 21 2 56 19 40 47 12 14 55 59 91 83 11 14 85 10 37 27 92 22 56 27 22 76 23 57 4 45 43 60 39 3 60 29 53 26 14 38 63 98 14 64 47 54 3 76 50 30 87 67 8 96 51 7 25 98 68 93 22 63 25 17 69 44 94 83 12 39 73 49 52 61 17 1 75 62 18 80 68 99 27 80 44 90 39 81 25 74 61 89 17 83 46 24 45 85 19 18 1 91 74 29 17 50 98 80 71 64 61 31 72 65 69 1 38 21 27 65 60 75 40 71 79 82 8 5 22 82 24 56 20 79 25 79 80 96 76 88 71 19 61 94 61 21 35 72 95 69 47 69 92 50 58 37 81 6 30 59 15 79 42 63 47 6 9 23 59 14 54 14 89 19 58 47 9 63 97 35 75 39 11 9 30 95 76 17 53 10 34 42 19 47 54 64 37 74 90 93 91 61 4 21 82 3 71 17 34 44 97 18 21 79 81 19 9 16 74 74 19 97 94 63 60 85 35 56 32 83 71 71 83 24 55 49 2 43 3 69 78 90 94 40 79 71 13 40 36 58 16 40 49 99 99 45 75 36 8 44 32 90 88 73 13 51 27 4 98 93 43 50 98 93 85 21 57 95 99 21 24 15 27 35 69 15 12 55 44 50 46 65 50 51 38 45 40 71 1 8 94 90 91 9 41 75 50 7 43 50 18 25 35 33 64 35 68 45 24 32 73 38 41 1 5 6 67 14 67 66 60 86 19 8 44 36 76 46 35 17 60 76 33 80 82 24 34 81 76 57 81 52 64 64 27 65 21 65 83 79 52 39 91 76 89 10 17 93 18 9 27 85 23 82 1 21 97 88 23 92 99 42 42 40 54 59 53 33 28 7 74 24 48 76 4 14 40 41 32 61 61 72 7 76 96 42 38 69 87 85 28 77 20 32 72 60 1 33 69 85 46 62 24 23 80 51 47 12 51 95 70 65 60 84 68 8 41 26 83 9 27 96 26 61 33 42 56 49 90 74 20 71 78 66 72 70 30 49 36 1 33 16 64 17 93 67 87 48 87 85 62 22 70 88 50 64 43 50 62 83 20 21 40 82 8 50 35 66 11 21 57 73 76 77 74 49 83 96 64 72 75 18 48 15 24 76 58 5 21 50 21 47 85 38 12 9 94 79 1 91 22 53 72 9 9 42 24 18 66 98 95 34 60 89 77 1 2 84 76 90 25 92 39 75 46 9 76 71 55 35 65 99 16 74 18 4 75 12 19 14 57 9 14 56 80 83 39 69 93 17 18 98 15 68 52 68 37 91 6 59 35 89 44 50 91 86 53 93 29 36 43 64 82 36 3 71 81 31 55 72 10 75 51 11 66 46 20 19 30 45 59 83 69 61 16 29 73 9 88 84 60 95 68 75 47 43 18 81 35 1 37 17 74 2 84 57 73 21 1 72 11 68 17 62 63 62 7 92 15 29 77 74 13 75 2 32 99 78 5 60 25 54 83 30 79 8 84 87 30 24 37 66 99 62 82 39 31 15 32 42 42 54 73 33 84 91 66 76 9 14 56 61 21 25 1 95 6 57 81 23 37 27 56 24 57 23 68 49 66 92 59 93 66 18 81 74 66 89 1 9 50 57 90 69 71 52 60 18 74 37 70 98 26 27 39 83 33 95 99 5 99 31 52 14 22 77 5 8 24 83 39 87 12 88 76 35 53 16 9 23 86 82 99 36 44 34 11 86 48 34 22 22 20 77 7 95 45 81 53 59 36 92 22 16 78 83 53 55 25 12 58 75 56 6 65 51 53 20 9 63 69 96 99 56 10 53 37 59 8 27 49 30 88 26 66 4 6 94 94 83 94 70 87 48 33 19 17 92 20 26 55 7 92 17 9 3 61 47 45 27 99 34 27 2 76 96 77 15 75 81 70 3
1000
19 56 19 89 1 25 73 36 54 42 53 92 10 70 91 64 18 32 8 47 92 62 26 4 4 68 38 26 71 31 55 34 81 18 66 72 21 73 53 56 96 64 11 90 46 40 57 24 55 19 12 24 6 41 23 59 98 35 30 37 52 42 94 97 7 16 41 76 38 75 9 13 93 41 29 88 78 64 33 39 51 31 21 65 31 15 51 42 16 21 87 79 60 37 96 22 41 11 95 89 96 20 59 16 17 99 28 47 21 25 87 50 83 62 12 99 39 84 63 28 42 52 9 2 40 44 89 55 50 85 82 21 81 14 98 6 97 37 38 76 45 96 41 48 36 10 94 49 99 60 19 86 87 77 75 55 86 89 80 20 74 28 62 96 71 71 91 63 57 67 46 69 23 89 76 53 59 32 37 73 49 63 1 10 69 85 84 90 51 69 76 67 89 81 9 50 19 86 65 18 41 26 84 85 34 1 93 98 97 17 66 35 74 99 12 76 73 26 38 50 86 69 61 83 51 43 35 3 5 70 35 4 35 37 51 49 91 8 8 79 89 12 23 80 46 56 80 74 72 79 89 82 43 26 92 10 15 11 64 81 3 2 85 79 17 49 32 2 99 21 32 73 25 28 87 89 6 42 15 59 52 19 11 42 81 31 93 4 21 62 16 23 56 78 91 61 59 35 61 83 62 67 52 4 51 29 94 67 17 46 29 3 94 58 65 32 87 56 36 23 87 70 97 94 36 74 93 99 21 85 28 33 32 66 40 21 35 57 31 22 1 68 14 90 76 39 64 60 99 41 30 65 35 19 99 27 89 82 74 69 77 78 21 89 97 83 24 20 44 38 44 7 91 66 98 35 17 89 82 22 66 30 93 60 16 63 47 5 9 25 57 34 42 34 61 80 62 16 47 55 92 59 4 10 65 21 73 85 62 90 32 57 18 91 69 52 82 95 2 10 64 81 67 54 83 6 99 58 81 88 63 3 33 47 59 78 68 68 3 4 80 22 55 16 52 56 33 35 32 59 99 48 15 48 85 56 97 84 55 20 54 13 59 14 11 78 60 39 10 37 84 24 18 62 14 55 15 63 35 56 35 10 72 80 15 45 86 16 50 36 42 95 25 56 24 46 85 26 32 67 5 48 95 26 81 40 42 27 43 31 40 92 39 6 67 79 35 90 24 87 19 67 72 96 61 67 50 33 67 3 53 14 43 85 13 94 2 42 78 87 78 62 92 99 18 5 5 58 40 57 67 87 57 44 26 89 75 59 47 15 63 8 45 10 81 58 39 80 33 57 15 83 62 93 15 50 11 16 45 84 25 14 68 56 43 40 12 52 75 90 93 56 77 26 60 73 58 83 43 71 25 57 52 52 33 85 43 22 71 40 54 20 69 44 14 43 89 86 10 5 26 69 17 25 6 70 90 50 14 44 60 78 79 1 66 89 26 72 3 77 43 97 80 11 71 65 50 34 44 45 1 19 81 26 95 73 38 82 4 47 24 76 80 55 40 8 90 55 33 30 21 80 48 79 37 98 36 48 38 34 26 80 70 25 86 77 33 65 14 79 12 33 80 24 75 54 18 25 59 91 46 22 60 99 41 58 38 54 80 1 49 49 71 56 28 56 92 20 25 74 75 47 53 3 25 19 46 35 24 72 45 48 26 83 40 6 3 77 41 27 29 8 59 4 41 28 89 27 64 82 61 17 37 9 57 10 53 28 73 52 37 83 86 49 50 48 66 32 16 73 6 77 11 35 7 64 72 3 19 60 54 20 80 70 86 75 24 68 88 6 13 20 90 71 76 5 66 51 9 63 50 51 53 46 62 99 35 88 15 95 9 30 85 61 31 95 89 29 72 12 71 90 8 43 61 75 3 26 94 73 24 48 45 67 22 39 58 9 62 53 41 18 53 38 38 69 57 43 16 95 41 92 16 94 80 40 63 47 35 41 62 84 24 89 35 20 57 29 80 48 55 77 62 96 76 35 21 60 70 92 72 57 87 47 61 71 29 51 55 19 14 30 84 26 46 44 23 46 41 26 4 44 86 6 52 95 37 46 10 31 6 54 46 93 89 2 97 73 57 15 6 92 81 82 76 13 95 3 12 58 79 41 45 24 7 5 61 96 81 85 71 47 24 54 81 41 43 55 30 97 21 62 66 78 3 12 58 26 81 6 41 82 51 84 75 73 52 90 74 58 40 75 44 20 8 44 33 88 8 27 14 22 47 54 33 98 82 99 8 2 77 78 71 77 99 29 82 45 16 70
